432.000000	192.000000	0.100000	0	0.000000	0.130000	1	3001
432.000000	192.000000	0.100000	0	0.000000	0.130000	1	6001
432.000000	192.000000	0.100000	0	0.000000	0.130000	1	9001
432.000000	192.000000	0.100000	0	0.000000	0.130000	1	12001
432.000000	192.000000	0.100000	0	0.000000	0.130000	1	15001
432.000000	192.000000	0.100000	0	0.000000	0.130000	1	18001
432.000000	192.000000	0.100000	0	0.000000	0.130000	1	21001
432.000000	192.000000	0.100000	0	0.000000	0.130000	1	24001
432.000000	192.000000	0.100000	0	0.000000	0.130000	1	27001
432.000000	192.000000	0.100000	0	0.000000	0.130000	1	30001
432.000000	192.000000	0.100000	0	0.000000	0.130000	1	33001
432.000000	192.000000	0.100000	0	0.000000	0.130000	1	36001
432.000000	192.000000	0.100000	0	0.000000	0.130000	1	39001
432.000000	192.000000	0.100000	0	0.000000	0.130000	1	42001
432.000000	192.000000	0.100000	0	0.000000	0.130000	1	45001
432.000000	192.000000	0.100000	0	0.000000	0.130000	1	48001
432.000000	192.000000	0.100000	0	0.000000	0.130000	1	51001
432.000000	192.000000	0.100000	0	0.000000	0.130000	1	54001
432.000000	192.000000	0.100000	0	0.000000	0.130000	1	57001
432.000000	192.000000	0.100000	0	0.000000	0.130000	1	60001
432.000000	192.000000	0.100000	0	0.000000	0.130000	1	63001
432.000000	192.000000	0.100000	0	0.000000	0.130000	1	66001
432.000000	192.000000	0.100000	0	0.000000	0.130000	1	69001
432.000000	192.000000	0.100000	0	0.000000	0.130000	1	72001
432.000000	192.000000	0.100000	0	0.000000	0.130000	1	75001
432.000000	192.000000	0.100000	0	0.000000	0.130000	1	78001
432.000000	192.000000	0.100000	0	0.000000	0.130000	1	81001
432.000000	192.000000	0.100000	0	0.000000	0.130000	1	84001
432.000000	192.000000	0.100000	0	0.000000	0.130000	1	87001
432.000000	192.000000	0.100000	0	0.000000	0.130000	1	90001
432.000000	192.000000	0.100000	0	0.000000	0.130000	1	93001
432.000000	192.000000	0.100000	0	0.000000	0.130000	1	96001
432.000000	192.000000	0.100000	0	0.000000	0.130000	1	99001
432.000000	192.000000	0.100000	0	0.000000	0.130000	1	102001
432.000000	192.000000	0.100000	0	0.000000	0.130000	1	105001
432.000000	192.000000	0.100000	0	0.000000	0.130000	1	108001
432.000000	192.000000	0.100000	0	0.000000	0.130000	1	111001
432.000000	192.000000	0.100000	0	0.000000	0.130000	1	114001
432.000000	192.000000	0.100000	0	0.000000	0.130000	1	117001
432.000000	192.000000	0.100000	0	0.000000	0.130000	1	120001
432.000000	192.000000	0.100000	0	0.000000	0.130000	1	123001
432.000000	192.000000	0.100000	0	0.000000	0.130000	1	126001
432.000000	192.000000	0.100000	0	0.000000	0.130000	1	129001
432.000000	192.000000	0.100000	0	0.000000	0.130000	1	132001
432.000000	192.000000	0.100000	0	0.000000	0.130000	1	135001
432.000000	192.000000	0.100000	0	0.000000	0.130000	1	138001
432.000000	192.000000	0.100000	0	0.000000	0.130000	1	141001
432.000000	192.000000	0.100000	0	0.000000	0.130000	1	144001
432.000000	192.000000	0.100000	0	0.000000	0.130000	1	147001
432.000000	192.000000	0.100000	0	0.000000	0.130000	1	150001
432.000000	192.000000	0.010000	0	0.000000	0.130000	1	153001
432.000000	192.000000	0.010000	0	0.000000	0.130000	1	156001
432.000000	192.000000	0.010000	0	0.000000	0.130000	1	159001
432.000000	192.000000	0.010000	0	0.000000	0.130000	1	162001
432.000000	192.000000	0.010000	0	0.000000	0.130000	1	165001
432.000000	192.000000	0.010000	0	0.000000	0.130000	1	168001
432.000000	192.000000	0.010000	0	0.000000	0.130000	1	171001
432.000000	192.000000	0.010000	0	0.000000	0.130000	1	174001
432.000000	192.000000	0.010000	0	0.000000	0.130000	1	177001
432.000000	192.000000	0.010000	0	0.000000	0.130000	1	180001
432.000000	192.000000	0.010000	0	0.000000	0.130000	1	183001
432.000000	192.000000	0.010000	0	0.000000	0.130000	1	186001
432.000000	192.000000	0.010000	0	0.000000	0.130000	1	189001
432.000000	192.000000	0.010000	0	0.000000	0.130000	1	192001
432.000000	192.000000	0.010000	0	0.000000	0.130000	1	195001
432.000000	192.000000	0.010000	0	0.000000	0.130000	1	198001
432.000000	192.000000	0.010000	0	0.000000	0.130000	1	201001
432.000000	192.000000	0.010000	0	0.000000	0.130000	1	204001
432.000000	192.000000	0.010000	0	0.000000	0.130000	1	207001
432.000000	192.000000	0.010000	0	0.000000	0.130000	1	210001
432.000000	192.000000	0.010000	0	0.000000	0.130000	1	213001
432.000000	192.000000	0.010000	0	0.000000	0.130000	1	216001
432.000000	192.000000	0.010000	0	0.000000	0.130000	1	219001
432.000000	192.000000	0.010000	0	0.000000	0.130000	1	222001
432.000000	192.000000	0.010000	0	0.000000	0.130000	1	225001
432.000000	192.000000	0.010000	0	0.000000	0.130000	1	228001
432.000000	192.000000	0.010000	0	0.000000	0.130000	1	231001
432.000000	192.000000	0.010000	0	0.000000	0.130000	1	234001
432.000000	192.000000	0.010000	0	0.000000	0.130000	1	237001
432.000000	192.000000	0.010000	0	0.000000	0.130000	1	240001
432.000000	192.000000	0.010000	0	0.000000	0.130000	1	243001
432.000000	192.000000	0.010000	0	0.000000	0.130000	1	246001
432.000000	192.000000	0.010000	0	0.000000	0.130000	1	249001
432.000000	192.000000	0.010000	0	0.000000	0.130000	1	252001
432.000000	192.000000	0.010000	0	0.000000	0.130000	1	255001
432.000000	192.000000	0.010000	0	0.000000	0.130000	1	258001
432.000000	192.000000	0.010000	0	0.000000	0.130000	1	261001
432.000000	192.000000	0.010000	0	0.000000	0.130000	1	264001
432.000000	192.000000	0.010000	0	0.000000	0.130000	1	267001
432.000000	192.000000	0.010000	0	0.000000	0.130000	1	270001
432.000000	192.000000	0.010000	0	0.000000	0.130000	1	273001
432.000000	192.000000	0.010000	0	0.000000	0.130000	1	276001
432.000000	192.000000	0.010000	0	0.000000	0.130000	1	279001
432.000000	192.000000	0.010000	0	0.000000	0.130000	1	282001
432.000000	192.000000	0.010000	0	0.000000	0.130000	1	285001
432.000000	192.000000	0.010000	0	0.000000	0.130000	1	288001
432.000000	192.000000	0.010000	0	0.000000	0.130000	1	291001
432.000000	192.000000	0.010000	0	0.000000	0.130000	1	294001
432.000000	192.000000	0.010000	0	0.000000	0.130000	1	297001
432.000000	192.000000	0.010000	0	0.000000	0.130000	1	300001
432.000000	192.000000	0.001000	0	0.000000	0.130000	1	303001
432.000000	192.000000	0.001000	0	0.000000	0.130000	1	306001
432.000000	192.000000	0.001000	0	0.000000	0.130000	1	309001
432.000000	192.000000	0.001000	0	0.000000	0.130000	1	312001
432.000000	192.000000	0.001000	0	0.000000	0.130000	1	315001
432.000000	192.000000	0.001000	0	0.000000	0.130000	1	318001
432.000000	192.000000	0.001000	0	0.000000	0.130000	1	321001
432.000000	192.000000	0.001000	0	0.000000	0.130000	1	324001
432.000000	192.000000	0.001000	0	0.000000	0.130000	1	327001
432.000000	192.000000	0.001000	0	0.000000	0.130000	1	330001
432.000000	192.000000	0.001000	0	0.000000	0.130000	1	333001
432.000000	192.000000	0.001000	0	0.000000	0.130000	1	336001
432.000000	192.000000	0.001000	0	0.000000	0.130000	1	339001
432.000000	192.000000	0.001000	0	0.000000	0.130000	1	342001
432.000000	192.000000	0.001000	0	0.000000	0.130000	1	345001
432.000000	192.000000	0.001000	0	0.000000	0.130000	1	348001
432.000000	192.000000	0.001000	0	0.000000	0.130000	1	351001
432.000000	192.000000	0.001000	0	0.000000	0.130000	1	354001
432.000000	192.000000	0.001000	0	0.000000	0.130000	1	357001
432.000000	192.000000	0.001000	0	0.000000	0.130000	1	360001
432.000000	192.000000	0.001000	0	0.000000	0.130000	1	363001
432.000000	192.000000	0.001000	0	0.000000	0.130000	1	366001
432.000000	192.000000	0.001000	0	0.000000	0.130000	1	369001
432.000000	192.000000	0.001000	0	0.000000	0.130000	1	372001
432.000000	192.000000	0.001000	0	0.000000	0.130000	1	375001
432.000000	192.000000	0.001000	0	0.000000	0.130000	1	378001
432.000000	192.000000	0.001000	0	0.000000	0.130000	1	381001
432.000000	192.000000	0.001000	0	0.000000	0.130000	1	384001
432.000000	192.000000	0.001000	0	0.000000	0.130000	1	387001
432.000000	192.000000	0.001000	0	0.000000	0.130000	1	390001
432.000000	192.000000	0.001000	0	0.000000	0.130000	1	393001
432.000000	192.000000	0.001000	0	0.000000	0.130000	1	396001
432.000000	192.000000	0.001000	0	0.000000	0.130000	1	399001
432.000000	192.000000	0.001000	0	0.000000	0.130000	1	402001
432.000000	192.000000	0.001000	0	0.000000	0.130000	1	405001
432.000000	192.000000	0.001000	0	0.000000	0.130000	1	408001
432.000000	192.000000	0.001000	0	0.000000	0.130000	1	411001
432.000000	192.000000	0.001000	0	0.000000	0.130000	1	414001
432.000000	192.000000	0.001000	0	0.000000	0.130000	1	417001
432.000000	192.000000	0.001000	0	0.000000	0.130000	1	420001
432.000000	192.000000	0.001000	0	0.000000	0.130000	1	423001
432.000000	192.000000	0.001000	0	0.000000	0.130000	1	426001
432.000000	192.000000	0.001000	0	0.000000	0.130000	1	429001
432.000000	192.000000	0.001000	0	0.000000	0.130000	1	432001
432.000000	192.000000	0.001000	0	0.000000	0.130000	1	435001
432.000000	192.000000	0.001000	0	0.000000	0.130000	1	438001
432.000000	192.000000	0.001000	0	0.000000	0.130000	1	441001
432.000000	192.000000	0.001000	0	0.000000	0.130000	1	444001
432.000000	192.000000	0.001000	0	0.000000	0.130000	1	447001
432.000000	192.000000	0.001000	0	0.000000	0.130000	1	450001
