240.000000	192.000000	0.100000	0.0	0.000000	0.025	1	3001
240.000000	192.000000	0.100000	0.0	0.000000	0.025	1	6001
240.000000	192.000000	0.100000	0.0	0.000000	0.025	1	9001
240.000000	192.000000	0.100000	0.0	0.000000	0.025	1	12001
240.000000	192.000000	0.100000	0.0	0.000000	0.025	1	15001
240.000000	192.000000	0.100000	0.0	0.000000	0.025	1	18001
240.000000	192.000000	0.100000	0.0	0.000000	0.025	1	21001
240.000000	192.000000	0.100000	0.0	0.000000	0.025	1	24001
240.000000	192.000000	0.100000	0.0	0.000000	0.025	1	27001
240.000000	192.000000	0.100000	0.0	0.000000	0.025	1	30001
240.000000	192.000000	0.100000	0.0	0.000000	0.025	1	33001
240.000000	192.000000	0.100000	0.0	0.000000	0.025	1	36001
240.000000	192.000000	0.100000	0.0	0.000000	0.025	1	39001
240.000000	192.000000	0.100000	0.0	0.000000	0.025	1	42001
240.000000	192.000000	0.100000	0.0	0.000000	0.025	1	45001
240.000000	192.000000	0.100000	0.0	0.000000	0.025	1	48001
240.000000	192.000000	0.100000	0.0	0.000000	0.025	1	51001
240.000000	192.000000	0.100000	0.0	0.000000	0.025	1	54001
240.000000	192.000000	0.100000	0.0	0.000000	0.025	1	57001
240.000000	192.000000	0.100000	0.0	0.000000	0.025	1	60001
240.000000	192.000000	0.100000	0.0	0.000000	0.025	1	63001
240.000000	192.000000	0.100000	0.0	0.000000	0.025	1	66001
240.000000	192.000000	0.100000	0.0	0.000000	0.025	1	69001
240.000000	192.000000	0.100000	0.0	0.000000	0.025	1	72001
240.000000	192.000000	0.100000	0.0	0.000000	0.025	1	75001
240.000000	192.000000	0.100000	0.0	0.000000	0.025	1	78001
240.000000	192.000000	0.100000	0.0	0.000000	0.025	1	81001
240.000000	192.000000	0.100000	0.0	0.000000	0.025	1	84001
240.000000	192.000000	0.100000	0.0	0.000000	0.025	1	87001
240.000000	192.000000	0.100000	0.0	0.000000	0.025	1	90001
240.000000	192.000000	0.100000	0.0	0.000000	0.025	1	93001
240.000000	192.000000	0.100000	0.0	0.000000	0.025	1	96001
240.000000	192.000000	0.100000	0.0	0.000000	0.025	1	99001
240.000000	192.000000	0.100000	0.0	0.000000	0.025	1	102001
240.000000	192.000000	0.100000	0.0	0.000000	0.025	1	105001
240.000000	192.000000	0.100000	0.0	0.000000	0.025	1	108001
240.000000	192.000000	0.100000	0.0	0.000000	0.025	1	111001
240.000000	192.000000	0.100000	0.0	0.000000	0.025	1	114001
240.000000	192.000000	0.100000	0.0	0.000000	0.025	1	117001
240.000000	192.000000	0.100000	0.0	0.000000	0.025	1	120001
240.000000	192.000000	0.100000	0.0	0.000000	0.025	1	123001
240.000000	192.000000	0.100000	0.0	0.000000	0.025	1	126001
240.000000	192.000000	0.100000	0.0	0.000000	0.025	1	129001
240.000000	192.000000	0.100000	0.0	0.000000	0.025	1	132001
240.000000	192.000000	0.100000	0.0	0.000000	0.025	1	135001
240.000000	192.000000	0.100000	0.0	0.000000	0.025	1	138001
240.000000	192.000000	0.100000	0.0	0.000000	0.025	1	141001
240.000000	192.000000	0.100000	0.0	0.000000	0.025	1	144001
240.000000	192.000000	0.100000	0.0	0.000000	0.025	1	147001
240.000000	192.000000	0.100000	0.0	0.000000	0.025	1	150001
240.000000	192.000000	0.010000	0.0	0.000000	0.025	1	153001
240.000000	192.000000	0.010000	0.0	0.000000	0.025	1	156001
240.000000	192.000000	0.010000	0.0	0.000000	0.025	1	159001
240.000000	192.000000	0.010000	0.0	0.000000	0.025	1	162001
240.000000	192.000000	0.010000	0.0	0.000000	0.025	1	165001
240.000000	192.000000	0.010000	0.0	0.000000	0.025	1	168001
240.000000	192.000000	0.010000	0.0	0.000000	0.025	1	171001
240.000000	192.000000	0.010000	0.0	0.000000	0.025	1	174001
240.000000	192.000000	0.010000	0.0	0.000000	0.025	1	177001
240.000000	192.000000	0.010000	0.0	0.000000	0.025	1	180001
240.000000	192.000000	0.010000	0.0	0.000000	0.025	1	183001
240.000000	192.000000	0.010000	0.0	0.000000	0.025	1	186001
240.000000	192.000000	0.010000	0.0	0.000000	0.025	1	189001
240.000000	192.000000	0.010000	0.0	0.000000	0.025	1	192001
240.000000	192.000000	0.010000	0.0	0.000000	0.025	1	195001
240.000000	192.000000	0.010000	0.0	0.000000	0.025	1	198001
240.000000	192.000000	0.010000	0.0	0.000000	0.025	1	201001
240.000000	192.000000	0.010000	0.0	0.000000	0.025	1	204001
240.000000	192.000000	0.010000	0.0	0.000000	0.025	1	207001
240.000000	192.000000	0.010000	0.0	0.000000	0.025	1	210001
240.000000	192.000000	0.010000	0.0	0.000000	0.025	1	213001
240.000000	192.000000	0.010000	0.0	0.000000	0.025	1	216001
240.000000	192.000000	0.010000	0.0	0.000000	0.025	1	219001
240.000000	192.000000	0.010000	0.0	0.000000	0.025	1	222001
240.000000	192.000000	0.010000	0.0	0.000000	0.025	1	225001
240.000000	192.000000	0.010000	0.0	0.000000	0.025	1	228001
240.000000	192.000000	0.010000	0.0	0.000000	0.025	1	231001
240.000000	192.000000	0.010000	0.0	0.000000	0.025	1	234001
240.000000	192.000000	0.010000	0.0	0.000000	0.025	1	237001
240.000000	192.000000	0.010000	0.0	0.000000	0.025	1	240001
240.000000	192.000000	0.010000	0.0	0.000000	0.025	1	243001
240.000000	192.000000	0.010000	0.0	0.000000	0.025	1	246001
240.000000	192.000000	0.010000	0.0	0.000000	0.025	1	249001
240.000000	192.000000	0.010000	0.0	0.000000	0.025	1	252001
240.000000	192.000000	0.010000	0.0	0.000000	0.025	1	255001
240.000000	192.000000	0.010000	0.0	0.000000	0.025	1	258001
240.000000	192.000000	0.010000	0.0	0.000000	0.025	1	261001
240.000000	192.000000	0.010000	0.0	0.000000	0.025	1	264001
240.000000	192.000000	0.010000	0.0	0.000000	0.025	1	267001
240.000000	192.000000	0.010000	0.0	0.000000	0.025	1	270001
240.000000	192.000000	0.010000	0.0	0.000000	0.025	1	273001
240.000000	192.000000	0.010000	0.0	0.000000	0.025	1	276001
240.000000	192.000000	0.010000	0.0	0.000000	0.025	1	279001
240.000000	192.000000	0.010000	0.0	0.000000	0.025	1	282001
240.000000	192.000000	0.010000	0.0	0.000000	0.025	1	285001
240.000000	192.000000	0.010000	0.0	0.000000	0.025	1	288001
240.000000	192.000000	0.010000	0.0	0.000000	0.025	1	291001
240.000000	192.000000	0.010000	0.0	0.000000	0.025	1	294001
240.000000	192.000000	0.010000	0.0	0.000000	0.025	1	297001
240.000000	192.000000	0.010000	0.0	0.000000	0.025	1	300001
240.000000	192.000000	0.001000	0.0	0.000000	0.025	1	303001
240.000000	192.000000	0.001000	0.0	0.000000	0.025	1	306001
240.000000	192.000000	0.001000	0.0	0.000000	0.025	1	309001
240.000000	192.000000	0.001000	0.0	0.000000	0.025	1	312001
240.000000	192.000000	0.001000	0.0	0.000000	0.025	1	315001
240.000000	192.000000	0.001000	0.0	0.000000	0.025	1	318001
240.000000	192.000000	0.001000	0.0	0.000000	0.025	1	321001
240.000000	192.000000	0.001000	0.0	0.000000	0.025	1	324001
240.000000	192.000000	0.001000	0.0	0.000000	0.025	1	327001
240.000000	192.000000	0.001000	0.0	0.000000	0.025	1	330001
240.000000	192.000000	0.001000	0.0	0.000000	0.025	1	333001
240.000000	192.000000	0.001000	0.0	0.000000	0.025	1	336001
240.000000	192.000000	0.001000	0.0	0.000000	0.025	1	339001
240.000000	192.000000	0.001000	0.0	0.000000	0.025	1	342001
240.000000	192.000000	0.001000	0.0	0.000000	0.025	1	345001
240.000000	192.000000	0.001000	0.0	0.000000	0.025	1	348001
240.000000	192.000000	0.001000	0.0	0.000000	0.025	1	351001
240.000000	192.000000	0.001000	0.0	0.000000	0.025	1	354001
240.000000	192.000000	0.001000	0.0	0.000000	0.025	1	357001
240.000000	192.000000	0.001000	0.0	0.000000	0.025	1	360001
240.000000	192.000000	0.001000	0.0	0.000000	0.025	1	363001
240.000000	192.000000	0.001000	0.0	0.000000	0.025	1	366001
240.000000	192.000000	0.001000	0.0	0.000000	0.025	1	369001
240.000000	192.000000	0.001000	0.0	0.000000	0.025	1	372001
240.000000	192.000000	0.001000	0.0	0.000000	0.025	1	375001
240.000000	192.000000	0.001000	0.0	0.000000	0.025	1	378001
240.000000	192.000000	0.001000	0.0	0.000000	0.025	1	381001
240.000000	192.000000	0.001000	0.0	0.000000	0.025	1	384001
240.000000	192.000000	0.001000	0.0	0.000000	0.025	1	387001
240.000000	192.000000	0.001000	0.0	0.000000	0.025	1	390001
240.000000	192.000000	0.001000	0.0	0.000000	0.025	1	393001
240.000000	192.000000	0.001000	0.0	0.000000	0.025	1	396001
240.000000	192.000000	0.001000	0.0	0.000000	0.025	1	399001
240.000000	192.000000	0.001000	0.0	0.000000	0.025	1	402001
240.000000	192.000000	0.001000	0.0	0.000000	0.025	1	405001
240.000000	192.000000	0.001000	0.0	0.000000	0.025	1	408001
240.000000	192.000000	0.001000	0.0	0.000000	0.025	1	411001
240.000000	192.000000	0.001000	0.0	0.000000	0.025	1	414001
240.000000	192.000000	0.001000	0.0	0.000000	0.025	1	417001
240.000000	192.000000	0.001000	0.0	0.000000	0.025	1	420001
240.000000	192.000000	0.001000	0.0	0.000000	0.025	1	423001
240.000000	192.000000	0.001000	0.0	0.000000	0.025	1	426001
240.000000	192.000000	0.001000	0.0	0.000000	0.025	1	429001
240.000000	192.000000	0.001000	0.0	0.000000	0.025	1	432001
240.000000	192.000000	0.001000	0.0	0.000000	0.025	1	435001
240.000000	192.000000	0.001000	0.0	0.000000	0.025	1	438001
240.000000	192.000000	0.001000	0.0	0.000000	0.025	1	441001
240.000000	192.000000	0.001000	0.0	0.000000	0.025	1	444001
240.000000	192.000000	0.001000	0.0	0.000000	0.025	1	447001
240.000000	192.000000	0.001000	0.0	0.000000	0.025	1	450001
