256.000000	192.000000	0.100000	0	0.000000	0.130000	1	3001
256.000000	192.000000	0.100000	0	0.000000	0.130000	1	6001
256.000000	192.000000	0.100000	0	0.000000	0.130000	1	9001
256.000000	192.000000	0.100000	0	0.000000	0.130000	1	12001
256.000000	192.000000	0.100000	0	0.000000	0.130000	1	15001
256.000000	192.000000	0.100000	0	0.000000	0.130000	1	18001
256.000000	192.000000	0.100000	0	0.000000	0.130000	1	21001
256.000000	192.000000	0.100000	0	0.000000	0.130000	1	24001
256.000000	192.000000	0.100000	0	0.000000	0.130000	1	27001
256.000000	192.000000	0.100000	0	0.000000	0.130000	1	30001
256.000000	192.000000	0.100000	0	0.000000	0.130000	1	33001
256.000000	192.000000	0.100000	0	0.000000	0.130000	1	36001
256.000000	192.000000	0.100000	0	0.000000	0.130000	1	39001
256.000000	192.000000	0.100000	0	0.000000	0.130000	1	42001
256.000000	192.000000	0.100000	0	0.000000	0.130000	1	45001
256.000000	192.000000	0.100000	0	0.000000	0.130000	1	48001
256.000000	192.000000	0.100000	0	0.000000	0.130000	1	51001
256.000000	192.000000	0.100000	0	0.000000	0.130000	1	54001
256.000000	192.000000	0.100000	0	0.000000	0.130000	1	57001
256.000000	192.000000	0.100000	0	0.000000	0.130000	1	60001
256.000000	192.000000	0.100000	0	0.000000	0.130000	1	63001
256.000000	192.000000	0.100000	0	0.000000	0.130000	1	66001
256.000000	192.000000	0.100000	0	0.000000	0.130000	1	69001
256.000000	192.000000	0.100000	0	0.000000	0.130000	1	72001
256.000000	192.000000	0.100000	0	0.000000	0.130000	1	75001
256.000000	192.000000	0.100000	0	0.000000	0.130000	1	78001
256.000000	192.000000	0.100000	0	0.000000	0.130000	1	81001
256.000000	192.000000	0.100000	0	0.000000	0.130000	1	84001
256.000000	192.000000	0.100000	0	0.000000	0.130000	1	87001
256.000000	192.000000	0.100000	0	0.000000	0.130000	1	90001
256.000000	192.000000	0.100000	0	0.000000	0.130000	1	93001
256.000000	192.000000	0.100000	0	0.000000	0.130000	1	96001
256.000000	192.000000	0.100000	0	0.000000	0.130000	1	99001
256.000000	192.000000	0.100000	0	0.000000	0.130000	1	102001
256.000000	192.000000	0.100000	0	0.000000	0.130000	1	105001
256.000000	192.000000	0.100000	0	0.000000	0.130000	1	108001
256.000000	192.000000	0.100000	0	0.000000	0.130000	1	111001
256.000000	192.000000	0.100000	0	0.000000	0.130000	1	114001
256.000000	192.000000	0.100000	0	0.000000	0.130000	1	117001
256.000000	192.000000	0.100000	0	0.000000	0.130000	1	120001
256.000000	192.000000	0.100000	0	0.000000	0.130000	1	123001
256.000000	192.000000	0.100000	0	0.000000	0.130000	1	126001
256.000000	192.000000	0.100000	0	0.000000	0.130000	1	129001
256.000000	192.000000	0.100000	0	0.000000	0.130000	1	132001
256.000000	192.000000	0.100000	0	0.000000	0.130000	1	135001
256.000000	192.000000	0.100000	0	0.000000	0.130000	1	138001
256.000000	192.000000	0.100000	0	0.000000	0.130000	1	141001
256.000000	192.000000	0.100000	0	0.000000	0.130000	1	144001
256.000000	192.000000	0.100000	0	0.000000	0.130000	1	147001
256.000000	192.000000	0.100000	0	0.000000	0.130000	1	150001
256.000000	192.000000	0.010000	0	0.000000	0.130000	1	153001
256.000000	192.000000	0.010000	0	0.000000	0.130000	1	156001
256.000000	192.000000	0.010000	0	0.000000	0.130000	1	159001
256.000000	192.000000	0.010000	0	0.000000	0.130000	1	162001
256.000000	192.000000	0.010000	0	0.000000	0.130000	1	165001
256.000000	192.000000	0.010000	0	0.000000	0.130000	1	168001
256.000000	192.000000	0.010000	0	0.000000	0.130000	1	171001
256.000000	192.000000	0.010000	0	0.000000	0.130000	1	174001
256.000000	192.000000	0.010000	0	0.000000	0.130000	1	177001
256.000000	192.000000	0.010000	0	0.000000	0.130000	1	180001
256.000000	192.000000	0.010000	0	0.000000	0.130000	1	183001
256.000000	192.000000	0.010000	0	0.000000	0.130000	1	186001
256.000000	192.000000	0.010000	0	0.000000	0.130000	1	189001
256.000000	192.000000	0.010000	0	0.000000	0.130000	1	192001
256.000000	192.000000	0.010000	0	0.000000	0.130000	1	195001
256.000000	192.000000	0.010000	0	0.000000	0.130000	1	198001
256.000000	192.000000	0.010000	0	0.000000	0.130000	1	201001
256.000000	192.000000	0.010000	0	0.000000	0.130000	1	204001
256.000000	192.000000	0.010000	0	0.000000	0.130000	1	207001
256.000000	192.000000	0.010000	0	0.000000	0.130000	1	210001
256.000000	192.000000	0.010000	0	0.000000	0.130000	1	213001
256.000000	192.000000	0.010000	0	0.000000	0.130000	1	216001
256.000000	192.000000	0.010000	0	0.000000	0.130000	1	219001
256.000000	192.000000	0.010000	0	0.000000	0.130000	1	222001
256.000000	192.000000	0.010000	0	0.000000	0.130000	1	225001
256.000000	192.000000	0.010000	0	0.000000	0.130000	1	228001
256.000000	192.000000	0.010000	0	0.000000	0.130000	1	231001
256.000000	192.000000	0.010000	0	0.000000	0.130000	1	234001
256.000000	192.000000	0.010000	0	0.000000	0.130000	1	237001
256.000000	192.000000	0.010000	0	0.000000	0.130000	1	240001
256.000000	192.000000	0.010000	0	0.000000	0.130000	1	243001
256.000000	192.000000	0.010000	0	0.000000	0.130000	1	246001
256.000000	192.000000	0.010000	0	0.000000	0.130000	1	249001
256.000000	192.000000	0.010000	0	0.000000	0.130000	1	252001
256.000000	192.000000	0.010000	0	0.000000	0.130000	1	255001
256.000000	192.000000	0.010000	0	0.000000	0.130000	1	258001
256.000000	192.000000	0.010000	0	0.000000	0.130000	1	261001
256.000000	192.000000	0.010000	0	0.000000	0.130000	1	264001
256.000000	192.000000	0.010000	0	0.000000	0.130000	1	267001
256.000000	192.000000	0.010000	0	0.000000	0.130000	1	270001
256.000000	192.000000	0.010000	0	0.000000	0.130000	1	273001
256.000000	192.000000	0.010000	0	0.000000	0.130000	1	276001
256.000000	192.000000	0.010000	0	0.000000	0.130000	1	279001
256.000000	192.000000	0.010000	0	0.000000	0.130000	1	282001
256.000000	192.000000	0.010000	0	0.000000	0.130000	1	285001
256.000000	192.000000	0.010000	0	0.000000	0.130000	1	288001
256.000000	192.000000	0.010000	0	0.000000	0.130000	1	291001
256.000000	192.000000	0.010000	0	0.000000	0.130000	1	294001
256.000000	192.000000	0.010000	0	0.000000	0.130000	1	297001
256.000000	192.000000	0.010000	0	0.000000	0.130000	1	300001
256.000000	192.000000	0.001000	0	0.000000	0.130000	1	303001
256.000000	192.000000	0.001000	0	0.000000	0.130000	1	306001
256.000000	192.000000	0.001000	0	0.000000	0.130000	1	309001
256.000000	192.000000	0.001000	0	0.000000	0.130000	1	312001
256.000000	192.000000	0.001000	0	0.000000	0.130000	1	315001
256.000000	192.000000	0.001000	0	0.000000	0.130000	1	318001
256.000000	192.000000	0.001000	0	0.000000	0.130000	1	321001
256.000000	192.000000	0.001000	0	0.000000	0.130000	1	324001
256.000000	192.000000	0.001000	0	0.000000	0.130000	1	327001
256.000000	192.000000	0.001000	0	0.000000	0.130000	1	330001
256.000000	192.000000	0.001000	0	0.000000	0.130000	1	333001
256.000000	192.000000	0.001000	0	0.000000	0.130000	1	336001
256.000000	192.000000	0.001000	0	0.000000	0.130000	1	339001
256.000000	192.000000	0.001000	0	0.000000	0.130000	1	342001
256.000000	192.000000	0.001000	0	0.000000	0.130000	1	345001
256.000000	192.000000	0.001000	0	0.000000	0.130000	1	348001
256.000000	192.000000	0.001000	0	0.000000	0.130000	1	351001
256.000000	192.000000	0.001000	0	0.000000	0.130000	1	354001
256.000000	192.000000	0.001000	0	0.000000	0.130000	1	357001
256.000000	192.000000	0.001000	0	0.000000	0.130000	1	360001
256.000000	192.000000	0.001000	0	0.000000	0.130000	1	363001
256.000000	192.000000	0.001000	0	0.000000	0.130000	1	366001
256.000000	192.000000	0.001000	0	0.000000	0.130000	1	369001
256.000000	192.000000	0.001000	0	0.000000	0.130000	1	372001
256.000000	192.000000	0.001000	0	0.000000	0.130000	1	375001
256.000000	192.000000	0.001000	0	0.000000	0.130000	1	378001
256.000000	192.000000	0.001000	0	0.000000	0.130000	1	381001
256.000000	192.000000	0.001000	0	0.000000	0.130000	1	384001
256.000000	192.000000	0.001000	0	0.000000	0.130000	1	387001
256.000000	192.000000	0.001000	0	0.000000	0.130000	1	390001
256.000000	192.000000	0.001000	0	0.000000	0.130000	1	393001
256.000000	192.000000	0.001000	0	0.000000	0.130000	1	396001
256.000000	192.000000	0.001000	0	0.000000	0.130000	1	399001
256.000000	192.000000	0.001000	0	0.000000	0.130000	1	402001
256.000000	192.000000	0.001000	0	0.000000	0.130000	1	405001
256.000000	192.000000	0.001000	0	0.000000	0.130000	1	408001
256.000000	192.000000	0.001000	0	0.000000	0.130000	1	411001
256.000000	192.000000	0.001000	0	0.000000	0.130000	1	414001
256.000000	192.000000	0.001000	0	0.000000	0.130000	1	417001
256.000000	192.000000	0.001000	0	0.000000	0.130000	1	420001
256.000000	192.000000	0.001000	0	0.000000	0.130000	1	423001
256.000000	192.000000	0.001000	0	0.000000	0.130000	1	426001
256.000000	192.000000	0.001000	0	0.000000	0.130000	1	429001
256.000000	192.000000	0.001000	0	0.000000	0.130000	1	432001
256.000000	192.000000	0.001000	0	0.000000	0.130000	1	435001
256.000000	192.000000	0.001000	0	0.000000	0.130000	1	438001
256.000000	192.000000	0.001000	0	0.000000	0.130000	1	441001
256.000000	192.000000	0.001000	0	0.000000	0.130000	1	444001
256.000000	192.000000	0.001000	0	0.000000	0.130000	1	447001
256.000000	192.000000	0.001000	0	0.000000	0.130000	1	450001
