25.000000 160.000000   0.100000 0   0.000000   0.130000 1         3001
25.000000 160.000000   0.100000 0   0.000000   0.130000 1         6001
25.000000 160.000000   0.100000 0   0.000000   0.130000 1         9001
25.000000 160.000000   0.100000 0   0.000000   0.130000 1        12001
25.000000 160.000000   0.100000 0   0.000000   0.130000 1        15001
25.000000 160.000000   0.100000 0   0.000000   0.130000 1        18001
25.000000 160.000000   0.100000 0   0.000000   0.130000 1        21001
25.000000 160.000000   0.100000 0   0.000000   0.130000 1        24001
25.000000 160.000000   0.100000 0   0.000000   0.130000 1        27001
25.000000 160.000000   0.100000 0   0.000000   0.130000 1        30001
25.000000 160.000000   0.100000 0   0.000000   0.130000 1        33001
25.000000 160.000000   0.100000 0   0.000000   0.130000 1        36001
25.000000 160.000000   0.100000 0   0.000000   0.130000 1        39001
25.000000 160.000000   0.100000 0   0.000000   0.130000 1        42001
25.000000 160.000000   0.100000 0   0.000000   0.130000 1        45001
25.000000 160.000000   0.100000 0   0.000000   0.130000 1        48001
25.000000 160.000000   0.100000 0   0.000000   0.130000 1        51001
25.000000 160.000000   0.100000 0   0.000000   0.130000 1        54001
25.000000 160.000000   0.100000 0   0.000000   0.130000 1        57001
25.000000 160.000000   0.100000 0   0.000000   0.130000 1        60001
25.000000 160.000000   0.100000 0   0.000000   0.130000 1        63001
25.000000 160.000000   0.100000 0   0.000000   0.130000 1        66001
25.000000 160.000000   0.100000 0   0.000000   0.130000 1        69001
25.000000 160.000000   0.100000 0   0.000000   0.130000 1        72001
25.000000 160.000000   0.100000 0   0.000000   0.130000 1        75001
25.000000 160.000000   0.100000 0   0.000000   0.130000 1        78001
25.000000 160.000000   0.100000 0   0.000000   0.130000 1        81001
25.000000 160.000000   0.100000 0   0.000000   0.130000 1        84001
25.000000 160.000000   0.100000 0   0.000000   0.130000 1        87001
25.000000 160.000000   0.100000 0   0.000000   0.130000 1        90001
25.000000 160.000000   0.100000 0   0.000000   0.130000 1        93001
25.000000 160.000000   0.100000 0   0.000000   0.130000 1        96001
25.000000 160.000000   0.100000 0   0.000000   0.130000 1        99001
25.000000 160.000000   0.100000 0   0.000000   0.130000 1       102001
25.000000 160.000000   0.100000 0   0.000000   0.130000 1       105001
25.000000 160.000000   0.100000 0   0.000000   0.130000 1       108001
25.000000 160.000000   0.100000 0   0.000000   0.130000 1       111001
25.000000 160.000000   0.100000 0   0.000000   0.130000 1       114001
25.000000 160.000000   0.100000 0   0.000000   0.130000 1       117001
25.000000 160.000000   0.100000 0   0.000000   0.130000 1       120001
25.000000 160.000000   0.100000 0   0.000000   0.130000 1       123001
25.000000 160.000000   0.100000 0   0.000000   0.130000 1       126001
25.000000 160.000000   0.100000 0   0.000000   0.130000 1       129001
25.000000 160.000000   0.100000 0   0.000000   0.130000 1       132001
25.000000 160.000000   0.100000 0   0.000000   0.130000 1       135001
25.000000 160.000000   0.100000 0   0.000000   0.130000 1       138001
25.000000 160.000000   0.100000 0   0.000000   0.130000 1       141001
25.000000 160.000000   0.100000 0   0.000000   0.130000 1       144001
25.000000 160.000000   0.100000 0   0.000000   0.130000 1       147001
25.000000 160.000000   0.100000 0   0.000000   0.130000 1       150001
25.000000 160.000000   0.010000 0   0.000000   0.130000 1       153001
25.000000 160.000000   0.010000 0   0.000000   0.130000 1       156001
25.000000 160.000000   0.010000 0   0.000000   0.130000 1       159001
25.000000 160.000000   0.010000 0   0.000000   0.130000 1       162001
25.000000 160.000000   0.010000 0   0.000000   0.130000 1       165001
25.000000 160.000000   0.010000 0   0.000000   0.130000 1       168001
25.000000 160.000000   0.010000 0   0.000000   0.130000 1       171001
25.000000 160.000000   0.010000 0   0.000000   0.130000 1       174001
25.000000 160.000000   0.010000 0   0.000000   0.130000 1       177001
25.000000 160.000000   0.010000 0   0.000000   0.130000 1       180001
25.000000 160.000000   0.010000 0   0.000000   0.130000 1       183001
25.000000 160.000000   0.010000 0   0.000000   0.130000 1       186001
25.000000 160.000000   0.010000 0   0.000000   0.130000 1       189001
25.000000 160.000000   0.010000 0   0.000000   0.130000 1       192001
25.000000 160.000000   0.010000 0   0.000000   0.130000 1       195001
25.000000 160.000000   0.010000 0   0.000000   0.130000 1       198001
25.000000 160.000000   0.010000 0   0.000000   0.130000 1       201001
25.000000 160.000000   0.010000 0   0.000000   0.130000 1       204001
25.000000 160.000000   0.010000 0   0.000000   0.130000 1       207001
25.000000 160.000000   0.010000 0   0.000000   0.130000 1       210001
25.000000 160.000000   0.010000 0   0.000000   0.130000 1       213001
25.000000 160.000000   0.010000 0   0.000000   0.130000 1       216001
25.000000 160.000000   0.010000 0   0.000000   0.130000 1       219001
25.000000 160.000000   0.010000 0   0.000000   0.130000 1       222001
25.000000 160.000000   0.010000 0   0.000000   0.130000 1       225001
25.000000 160.000000   0.010000 0   0.000000   0.130000 1       228001
25.000000 160.000000   0.010000 0   0.000000   0.130000 1       231001
25.000000 160.000000   0.010000 0   0.000000   0.130000 1       234001
25.000000 160.000000   0.010000 0   0.000000   0.130000 1       237001
25.000000 160.000000   0.010000 0   0.000000   0.130000 1       240001
25.000000 160.000000   0.010000 0   0.000000   0.130000 1       243001
25.000000 160.000000   0.010000 0   0.000000   0.130000 1       246001
25.000000 160.000000   0.010000 0   0.000000   0.130000 1       249001
25.000000 160.000000   0.010000 0   0.000000   0.130000 1       252001
25.000000 160.000000   0.010000 0   0.000000   0.130000 1       255001
25.000000 160.000000   0.010000 0   0.000000   0.130000 1       258001
25.000000 160.000000   0.010000 0   0.000000   0.130000 1       261001
25.000000 160.000000   0.010000 0   0.000000   0.130000 1       264001
25.000000 160.000000   0.010000 0   0.000000   0.130000 1       267001
25.000000 160.000000   0.010000 0   0.000000   0.130000 1       270001
25.000000 160.000000   0.010000 0   0.000000   0.130000 1       273001
25.000000 160.000000   0.010000 0   0.000000   0.130000 1       276001
25.000000 160.000000   0.010000 0   0.000000   0.130000 1       279001
25.000000 160.000000   0.010000 0   0.000000   0.130000 1       282001
25.000000 160.000000   0.010000 0   0.000000   0.130000 1       285001
25.000000 160.000000   0.010000 0   0.000000   0.130000 1       288001
25.000000 160.000000   0.010000 0   0.000000   0.130000 1       291001
25.000000 160.000000   0.010000 0   0.000000   0.130000 1       294001
25.000000 160.000000   0.010000 0   0.000000   0.130000 1       297001
25.000000 160.000000   0.010000 0   0.000000   0.130000 1       300001
25.000000 160.000000   0.001000 0   0.000000   0.130000 1       303001
25.000000 160.000000   0.001000 0   0.000000   0.130000 1       306001
25.000000 160.000000   0.001000 0   0.000000   0.130000 1       309001
25.000000 160.000000   0.001000 0   0.000000   0.130000 1       312001
25.000000 160.000000   0.001000 0   0.000000   0.130000 1       315001
25.000000 160.000000   0.001000 0   0.000000   0.130000 1       318001
25.000000 160.000000   0.001000 0   0.000000   0.130000 1       321001
25.000000 160.000000   0.001000 0   0.000000   0.130000 1       324001
25.000000 160.000000   0.001000 0   0.000000   0.130000 1       327001
25.000000 160.000000   0.001000 0   0.000000   0.130000 1       330001
25.000000 160.000000   0.001000 0   0.000000   0.130000 1       333001
25.000000 160.000000   0.001000 0   0.000000   0.130000 1       336001
25.000000 160.000000   0.001000 0   0.000000   0.130000 1       339001
25.000000 160.000000   0.001000 0   0.000000   0.130000 1       342001
25.000000 160.000000   0.001000 0   0.000000   0.130000 1       345001
25.000000 160.000000   0.001000 0   0.000000   0.130000 1       348001
25.000000 160.000000   0.001000 0   0.000000   0.130000 1       351001
25.000000 160.000000   0.001000 0   0.000000   0.130000 1       354001
25.000000 160.000000   0.001000 0   0.000000   0.130000 1       357001
25.000000 160.000000   0.001000 0   0.000000   0.130000 1       360001
25.000000 160.000000   0.001000 0   0.000000   0.130000 1       363001
25.000000 160.000000   0.001000 0   0.000000   0.130000 1       366001
25.000000 160.000000   0.001000 0   0.000000   0.130000 1       369001
25.000000 160.000000   0.001000 0   0.000000   0.130000 1       372001
25.000000 160.000000   0.001000 0   0.000000   0.130000 1       375001
25.000000 160.000000   0.001000 0   0.000000   0.130000 1       378001
25.000000 160.000000   0.001000 0   0.000000   0.130000 1       381001
25.000000 160.000000   0.001000 0   0.000000   0.130000 1       384001
25.000000 160.000000   0.001000 0   0.000000   0.130000 1       387001
25.000000 160.000000   0.001000 0   0.000000   0.130000 1       390001
25.000000 160.000000   0.001000 0   0.000000   0.130000 1       393001
25.000000 160.000000   0.001000 0   0.000000   0.130000 1       396001
25.000000 160.000000   0.001000 0   0.000000   0.130000 1       399001
25.000000 160.000000   0.001000 0   0.000000   0.130000 1       402001
25.000000 160.000000   0.001000 0   0.000000   0.130000 1       405001
25.000000 160.000000   0.001000 0   0.000000   0.130000 1       408001
25.000000 160.000000   0.001000 0   0.000000   0.130000 1       411001
25.000000 160.000000   0.001000 0   0.000000   0.130000 1       414001
25.000000 160.000000   0.001000 0   0.000000   0.130000 1       417001
25.000000 160.000000   0.001000 0   0.000000   0.130000 1       420001
25.000000 160.000000   0.001000 0   0.000000   0.130000 1       423001
25.000000 160.000000   0.001000 0   0.000000   0.130000 1       426001
25.000000 160.000000   0.001000 0   0.000000   0.130000 1       429001
25.000000 160.000000   0.001000 0   0.000000   0.130000 1       432001
25.000000 160.000000   0.001000 0   0.000000   0.130000 1       435001
25.000000 160.000000   0.001000 0   0.000000   0.130000 1       438001
25.000000 160.000000   0.001000 0   0.000000   0.130000 1       441001
25.000000 160.000000   0.001000 0   0.000000   0.130000 1       444001
25.000000 160.000000   0.001000 0   0.000000   0.130000 1       447001
25.000000 160.000000   0.001000 0   0.000000   0.130000 1       450001
