25.000000 	160.000000 	0.100000 	0 	0.000000 	0.130000 	1 	3001 
25.000000 	160.000000 	0.100000 	0 	0.000000 	0.130000 	1 	6001
25.000000 	160.000000 	0.100000 	0 	0.000000 	0.130000 	1 	9001
25.000000 	160.000000 	0.100000 	0 	0.000000 	0.130000 	1 	12001 
25.000000 	160.000000 	0.100000 	0 	0.000000 	0.130000 	1 	15001
25.000000 	160.000000 	0.100000 	0 	0.000000 	0.130000 	1 	18001
25.000000 	160.000000 	0.100000 	0 	0.000000 	0.130000 	1 	21001 
25.000000 	160.000000 	0.100000 	0 	0.000000 	0.130000 	1 	24001
25.000000 	160.000000 	0.100000 	0 	0.000000 	0.130000 	1 	27001
25.000000 	160.000000 	0.100000 	0 	0.000000 	0.130000 	1 	30001 
25.000000 	160.000000 	0.100000 	0 	0.000000 	0.130000 	1 	33001
25.000000 	160.000000 	0.100000 	0 	0.000000 	0.130000 	1 	36001
25.000000 	160.000000 	0.100000 	0 	0.000000 	0.130000 	1 	39001 
25.000000 	160.000000 	0.100000 	0 	0.000000 	0.130000 	1 	42001
25.000000 	160.000000 	0.100000 	0 	0.000000 	0.130000 	1 	45001
25.000000 	160.000000 	0.100000 	0 	0.000000 	0.130000 	1 	48001 
25.000000 	160.000000 	0.100000 	0 	0.000000 	0.130000 	1 	51001
25.000000 	160.000000 	0.100000 	0 	0.000000 	0.130000 	1 	54001
25.000000 	160.000000 	0.100000 	0 	0.000000 	0.130000 	1 	57001 
25.000000 	160.000000 	0.100000 	0 	0.000000 	0.130000 	1 	60001
25.000000 	160.000000 	0.100000 	0 	0.000000 	0.130000 	1 	63001
25.000000 	160.000000 	0.100000 	0 	0.000000 	0.130000 	1 	66001 
25.000000 	160.000000 	0.100000 	0 	0.000000 	0.130000 	1 	69001
25.000000 	160.000000 	0.100000 	0 	0.000000 	0.130000 	1 	72001
25.000000 	160.000000 	0.100000 	0 	0.000000 	0.130000 	1 	75001 
25.000000 	160.000000 	0.100000 	0 	0.000000 	0.130000 	1 	78001
25.000000 	160.000000 	0.100000 	0 	0.000000 	0.130000 	1 	81001
25.000000 	160.000000 	0.100000 	0 	0.000000 	0.130000 	1 	84001 
25.000000 	160.000000 	0.100000 	0 	0.000000 	0.130000 	1 	87001
25.000000 	160.000000 	0.100000 	0 	0.000000 	0.130000 	1 	90001
25.000000 	160.000000 	0.100000 	0 	0.000000 	0.130000 	1 	93001 
25.000000 	160.000000 	0.100000 	0 	0.000000 	0.130000 	1 	96001
25.000000 	160.000000 	0.100000 	0 	0.000000 	0.130000 	1 	99001
25.000000 	160.000000 	0.100000 	0 	0.000000 	0.130000 	1 	102001 
25.000000 	160.000000 	0.100000 	0 	0.000000 	0.130000 	1 	105001
25.000000 	160.000000 	0.100000 	0 	0.000000 	0.130000 	1 	108001
25.000000 	160.000000 	0.100000 	0 	0.000000 	0.130000 	1 	111001 
25.000000 	160.000000 	0.100000 	0 	0.000000 	0.130000 	1 	114001
25.000000 	160.000000 	0.100000 	0 	0.000000 	0.130000 	1 	117001
25.000000 	160.000000 	0.100000 	0 	0.000000 	0.130000 	1 	120001 
25.000000 	160.000000 	0.100000 	0 	0.000000 	0.130000 	1 	123001
25.000000 	160.000000 	0.100000 	0 	0.000000 	0.130000 	1 	126001
25.000000 	160.000000 	0.100000 	0 	0.000000 	0.130000 	1 	129001 
25.000000 	160.000000 	0.100000 	0 	0.000000 	0.130000 	1 	132001
25.000000 	160.000000 	0.100000 	0 	0.000000 	0.130000 	1 	135001
25.000000 	160.000000 	0.100000 	0 	0.000000 	0.130000 	1 	138001 
25.000000 	160.000000 	0.100000 	0 	0.000000 	0.130000 	1 	141001
25.000000 	160.000000 	0.100000 	0 	0.000000 	0.130000 	1 	144001
25.000000 	160.000000 	0.100000 	0 	0.000000 	0.130000 	1 	147001 
25.000000 	160.000000 	0.100000 	0 	0.000000 	0.130000 	1 	150001
25.000000 	160.000000 	0.100000 	0 	0.000000 	0.130000 	1 	153001
25.000000 	160.000000 	0.100000 	0 	0.000000 	0.130000 	1 	156001 
25.000000 	160.000000 	0.100000 	0 	0.000000 	0.130000 	1 	159001
25.000000 	160.000000 	0.100000 	0 	0.000000 	0.130000 	1 	162001
25.000000 	160.000000 	0.100000 	0 	0.000000 	0.130000 	1 	165001 
25.000000 	160.000000 	0.100000 	0 	0.000000 	0.130000 	1 	168001
25.000000 	160.000000 	0.100000 	0 	0.000000 	0.130000 	1 	171001
25.000000 	160.000000 	0.100000 	0 	0.000000 	0.130000 	1 	174001 
25.000000 	160.000000 	0.100000 	0 	0.000000 	0.130000 	1 	177001
25.000000 	160.000000 	0.100000 	0 	0.000000 	0.130000 	1 	180001
25.000000 	160.000000 	0.100000 	0 	0.000000 	0.130000 	1 	183001 
25.000000 	160.000000 	0.100000 	0 	0.000000 	0.130000 	1 	186001
25.000000 	160.000000 	0.100000 	0 	0.000000 	0.130000 	1 	189001
25.000000 	160.000000 	0.100000 	0 	0.000000 	0.130000 	1 	192001 
25.000000 	160.000000 	0.100000 	0 	0.000000 	0.130000 	1 	195001
25.000000 	160.000000 	0.100000 	0 	0.000000 	0.130000 	1 	198001
25.000000 	160.000000 	0.100000 	0 	0.000000 	0.130000 	1 	201001 
25.000000 	160.000000 	0.100000 	0 	0.000000 	0.130000 	1 	204001
25.000000 	160.000000 	0.100000 	0 	0.000000 	0.130000 	1 	207001
25.000000 	160.000000 	0.100000 	0 	0.000000 	0.130000 	1 	210001 
25.000000 	160.000000 	0.100000 	0 	0.000000 	0.130000 	1 	213001
25.000000 	160.000000 	0.100000 	0 	0.000000 	0.130000 	1 	216001
25.000000 	160.000000 	0.100000 	0 	0.000000 	0.130000 	1 	219001 
25.000000 	160.000000 	0.100000 	0 	0.000000 	0.130000 	1 	222001
25.000000 	160.000000 	0.100000 	0 	0.000000 	0.130000 	1 	225001
25.000000 	160.000000 	0.100000 	0 	0.000000 	0.130000 	1 	228001 
25.000000 	160.000000 	0.100000 	0 	0.000000 	0.130000 	1 	231001
25.000000 	160.000000 	0.100000 	0 	0.000000 	0.130000 	1 	234001
25.000000 	160.000000 	0.100000 	0 	0.000000 	0.130000 	1 	237001 
25.000000 	160.000000 	0.100000 	0 	0.000000 	0.130000 	1 	240001
25.000000 	160.000000 	0.100000 	0 	0.000000 	0.130000 	1 	243001
25.000000 	160.000000 	0.100000 	0 	0.000000 	0.130000 	1 	246001 
25.000000 	160.000000 	0.100000 	0 	0.000000 	0.130000 	1 	249001
25.000000 	160.000000 	0.100000 	0 	0.000000 	0.130000 	1 	252001
25.000000 	160.000000 	0.100000 	0 	0.000000 	0.130000 	1 	255001 
25.000000 	160.000000 	0.100000 	0 	0.000000 	0.130000 	1 	258001
25.000000 	160.000000 	0.100000 	0 	0.000000 	0.130000 	1 	261001
25.000000 	160.000000 	0.100000 	0 	0.000000 	0.130000 	1 	264001 
25.000000 	160.000000 	0.100000 	0 	0.000000 	0.130000 	1 	267001
25.000000 	160.000000 	0.100000 	0 	0.000000 	0.130000 	1 	270001
25.000000 	160.000000 	0.100000 	0 	0.000000 	0.130000 	1 	273001 
25.000000 	160.000000 	0.100000 	0 	0.000000 	0.130000 	1 	276001
25.000000 	160.000000 	0.100000 	0 	0.000000 	0.130000 	1 	279001
25.000000 	160.000000 	0.100000 	0 	0.000000 	0.130000 	1 	282001 
25.000000 	160.000000 	0.100000 	0 	0.000000 	0.130000 	1 	285001
25.000000 	160.000000 	0.100000 	0 	0.000000 	0.130000 	1 	288001
25.000000 	160.000000 	0.100000 	0 	0.000000 	0.130000 	1 	291001 
25.000000 	160.000000 	0.100000 	0 	0.000000 	0.130000 	1 	294001
25.000000 	160.000000 	0.100000 	0 	0.000000 	0.130000 	1 	297001
25.000000 	160.000000 	0.100000 	0 	0.000000 	0.130000 	1 	300001 
25.000000 	160.000000 	0.100000 	0 	0.000000 	0.130000 	1 	303001
25.000000 	160.000000 	0.100000 	0 	0.000000 	0.130000 	1 	306001
25.000000 	160.000000 	0.100000 	0 	0.000000 	0.130000 	1 	309001 
25.000000 	160.000000 	0.100000 	0 	0.000000 	0.130000 	1 	312001
25.000000 	160.000000 	0.100000 	0 	0.000000 	0.130000 	1 	315001
25.000000 	160.000000 	0.100000 	0 	0.000000 	0.130000 	1 	318001 
25.000000 	160.000000 	0.100000 	0 	0.000000 	0.130000 	1 	321001
25.000000 	160.000000 	0.100000 	0 	0.000000 	0.130000 	1 	324001
25.000000 	160.000000 	0.100000 	0 	0.000000 	0.130000 	1 	327001 
25.000000 	160.000000 	0.100000 	0 	0.000000 	0.130000 	1 	330001
25.000000 	160.000000 	0.100000 	0 	0.000000 	0.130000 	1 	333001
25.000000 	160.000000 	0.100000 	0 	0.000000 	0.130000 	1 	336001 
25.000000 	160.000000 	0.100000 	0 	0.000000 	0.130000 	1 	339001
25.000000 	160.000000 	0.100000 	0 	0.000000 	0.130000 	1 	342001
25.000000 	160.000000 	0.100000 	0 	0.000000 	0.130000 	1 	345001 
25.000000 	160.000000 	0.100000 	0 	0.000000 	0.130000 	1 	348001
25.000000 	160.000000 	0.100000 	0 	0.000000 	0.130000 	1 	351001
25.000000 	160.000000 	0.100000 	0 	0.000000 	0.130000 	1 	354001 
25.000000 	160.000000 	0.100000 	0 	0.000000 	0.130000 	1 	357001
25.000000 	160.000000 	0.100000 	0 	0.000000 	0.130000 	1 	360001
25.000000 	160.000000 	0.100000 	0 	0.000000 	0.130000 	1 	363001 
25.000000 	160.000000 	0.100000 	0 	0.000000 	0.130000 	1 	366001
25.000000 	160.000000 	0.100000 	0 	0.000000 	0.130000 	1 	369001
25.000000 	160.000000 	0.100000 	0 	0.000000 	0.130000 	1 	372001 
25.000000 	160.000000 	0.100000 	0 	0.000000 	0.130000 	1 	375001
25.000000 	160.000000 	0.100000 	0 	0.000000 	0.130000 	1 	378001
25.000000 	160.000000 	0.100000 	0 	0.000000 	0.130000 	1 	381001 
25.000000 	160.000000 	0.100000 	0 	0.000000 	0.130000 	1 	384001
25.000000 	160.000000 	0.100000 	0 	0.000000 	0.130000 	1 	387001
25.000000 	160.000000 	0.100000 	0 	0.000000 	0.130000 	1 	390001 
25.000000 	160.000000 	0.100000 	0 	0.000000 	0.130000 	1 	393001
25.000000 	160.000000 	0.100000 	0 	0.000000 	0.130000 	1 	396001
25.000000 	160.000000 	0.100000 	0 	0.000000 	0.130000 	1 	399001 
25.000000 	160.000000 	0.100000 	0 	0.000000 	0.130000 	1 	402001
25.000000 	160.000000 	0.100000 	0 	0.000000 	0.130000 	1 	405001
25.000000 	160.000000 	0.100000 	0 	0.000000 	0.130000 	1 	408001 
25.000000 	160.000000 	0.100000 	0 	0.000000 	0.130000 	1 	411001
25.000000 	160.000000 	0.100000 	0 	0.000000 	0.130000 	1 	414001
25.000000 	160.000000 	0.100000 	0 	0.000000 	0.130000 	1 	417001 
25.000000 	160.000000 	0.100000 	0 	0.000000 	0.130000 	1 	420001
25.000000 	160.000000 	0.100000 	0 	0.000000 	0.130000 	1 	423001
25.000000 	160.000000 	0.100000 	0 	0.000000 	0.130000 	1 	426001 
25.000000 	160.000000 	0.100000 	0 	0.000000 	0.130000 	1 	429001
25.000000 	160.000000 	0.100000 	0 	0.000000 	0.130000 	1 	432001
25.000000 	160.000000 	0.100000 	0 	0.000000 	0.130000 	1 	435001 
25.000000 	160.000000 	0.100000 	0 	0.000000 	0.130000 	1 	438001
25.000000 	160.000000 	0.100000 	0 	0.000000 	0.130000 	1 	441001
25.000000 	160.000000 	0.100000 	0 	0.000000 	0.130000 	1 	444001 
25.000000 	160.000000 	0.100000 	0 	0.000000 	0.130000 	1 	447001
25.000000 	160.000000 	0.100000 	0 	0.000000 	0.130000 	1 	450001
25.000000 	160.000000 	0.100000 	0 	0.000000 	0.130000 	1 	453001 
25.000000 	160.000000 	0.100000 	0 	0.000000 	0.130000 	1 	456001
25.000000 	160.000000 	0.100000 	0 	0.000000 	0.130000 	1 	459001
25.000000 	160.000000 	0.100000 	0 	0.000000 	0.130000 	1 	462001 
25.000000 	160.000000 	0.100000 	0 	0.000000 	0.130000 	1 	465001
25.000000 	160.000000 	0.100000 	0 	0.000000 	0.130000 	1 	468001
25.000000 	160.000000 	0.100000 	0 	0.000000 	0.130000 	1 	471001 
25.000000 	160.000000 	0.100000 	0 	0.000000 	0.130000 	1 	474001
25.000000 	160.000000 	0.100000 	0 	0.000000 	0.130000 	1 	477001
25.000000 	160.000000 	0.100000 	0 	0.000000 	0.130000 	1 	480001 
25.000000 	160.000000 	0.100000 	0 	0.000000 	0.130000 	1 	483001
25.000000 	160.000000 	0.100000 	0 	0.000000 	0.130000 	1 	486001
25.000000 	160.000000 	0.100000 	0 	0.000000 	0.130000 	1 	489001 
25.000000 	160.000000 	0.100000 	0 	0.000000 	0.130000 	1 	492001
25.000000 	160.000000 	0.100000 	0 	0.000000 	0.130000 	1 	495001
25.000000 	160.000000 	0.100000 	0 	0.000000 	0.130000 	1 	498001 
25.000000 	160.000000 	0.100000 	0 	0.000000 	0.130000 	1 	501001
25.000000 	160.000000 	0.100000 	0 	0.000000 	0.130000 	1 	504001
25.000000 	160.000000 	0.100000 	0 	0.000000 	0.130000 	1 	507001 
25.000000 	160.000000 	0.100000 	0 	0.000000 	0.130000 	1 	510001
25.000000 	160.000000 	0.100000 	0 	0.000000 	0.130000 	1 	513001
25.000000 	160.000000 	0.100000 	0 	0.000000 	0.130000 	1 	516001 
25.000000 	160.000000 	0.100000 	0 	0.000000 	0.130000 	1 	519001
25.000000 	160.000000 	0.100000 	0 	0.000000 	0.130000 	1 	522001
25.000000 	160.000000 	0.100000 	0 	0.000000 	0.130000 	1 	525001 
25.000000 	160.000000 	0.100000 	0 	0.000000 	0.130000 	1 	528001
25.000000 	160.000000 	0.100000 	0 	0.000000 	0.130000 	1 	531001
25.000000 	160.000000 	0.100000 	0 	0.000000 	0.130000 	1 	534001 
25.000000 	160.000000 	0.100000 	0 	0.000000 	0.130000 	1 	537001
25.000000 	160.000000 	0.100000 	0 	0.000000 	0.130000 	1 	540001
25.000000 	160.000000 	0.100000 	0 	0.000000 	0.130000 	1 	543001 
25.000000 	160.000000 	0.100000 	0 	0.000000 	0.130000 	1 	546001
25.000000 	160.000000 	0.100000 	0 	0.000000 	0.130000 	1 	549001
25.000000 	160.000000 	0.100000 	0 	0.000000 	0.130000 	1 	552001 
25.000000 	160.000000 	0.100000 	0 	0.000000 	0.130000 	1 	555001
25.000000 	160.000000 	0.100000 	0 	0.000000 	0.130000 	1 	558001
25.000000 	160.000000 	0.100000 	0 	0.000000 	0.130000 	1 	561001 
25.000000 	160.000000 	0.100000 	0 	0.000000 	0.130000 	1 	564001
25.000000 	160.000000 	0.100000 	0 	0.000000 	0.130000 	1 	567001
25.000000 	160.000000 	0.100000 	0 	0.000000 	0.130000 	1 	570001 
25.000000 	160.000000 	0.100000 	0 	0.000000 	0.130000 	1 	573001
25.000000 	160.000000 	0.100000 	0 	0.000000 	0.130000 	1 	576001
25.000000 	160.000000 	0.100000 	0 	0.000000 	0.130000 	1 	579001 
25.000000 	160.000000 	0.100000 	0 	0.000000 	0.130000 	1 	582001
25.000000 	160.000000 	0.100000 	0 	0.000000 	0.130000 	1 	585001
25.000000 	160.000000 	0.100000 	0 	0.000000 	0.130000 	1 	588001 
25.000000 	160.000000 	0.100000 	0 	0.000000 	0.130000 	1 	591001
25.000000 	160.000000 	0.100000 	0 	0.000000 	0.130000 	1 	594001
25.000000 	160.000000 	0.100000 	0 	0.000000 	0.130000 	1 	597001 
25.000000 	160.000000 	0.100000 	0 	0.000000 	0.130000 	1 	600001
25.000000 	160.000000 	0.100000 	0 	0.000000 	0.130000 	1 	603001
25.000000 	160.000000 	0.100000 	0 	0.000000 	0.130000 	1 	606001 
25.000000 	160.000000 	0.100000 	0 	0.000000 	0.130000 	1 	609001
25.000000 	160.000000 	0.100000 	0 	0.000000 	0.130000 	1 	612001
25.000000 	160.000000 	0.100000 	0 	0.000000 	0.130000 	1 	615001 
25.000000 	160.000000 	0.100000 	0 	0.000000 	0.130000 	1 	618001
25.000000 	160.000000 	0.100000 	0 	0.000000 	0.130000 	1 	621001
25.000000 	160.000000 	0.100000 	0 	0.000000 	0.130000 	1 	624001 
25.000000 	160.000000 	0.100000 	0 	0.000000 	0.130000 	1 	627001
25.000000 	160.000000 	0.100000 	0 	0.000000 	0.130000 	1 	630001
25.000000 	160.000000 	0.100000 	0 	0.000000 	0.130000 	1 	633001 
25.000000 	160.000000 	0.100000 	0 	0.000000 	0.130000 	1 	636001
25.000000 	160.000000 	0.100000 	0 	0.000000 	0.130000 	1 	639001
25.000000 	160.000000 	0.100000 	0 	0.000000 	0.130000 	1 	642001 
25.000000 	160.000000 	0.100000 	0 	0.000000 	0.130000 	1 	645001
25.000000 	160.000000 	0.100000 	0 	0.000000 	0.130000 	1 	648001
25.000000 	160.000000 	0.100000 	0 	0.000000 	0.130000 	1 	651001 
25.000000 	160.000000 	0.100000 	0 	0.000000 	0.130000 	1 	654001
25.000000 	160.000000 	0.100000 	0 	0.000000 	0.130000 	1 	657001
25.000000 	160.000000 	0.100000 	0 	0.000000 	0.130000 	1 	660001 
25.000000 	160.000000 	0.100000 	0 	0.000000 	0.130000 	1 	663001
25.000000 	160.000000 	0.100000 	0 	0.000000 	0.130000 	1 	666001
25.000000 	160.000000 	0.100000 	0 	0.000000 	0.130000 	1 	669001 
25.000000 	160.000000 	0.100000 	0 	0.000000 	0.130000 	1 	672001
25.000000 	160.000000 	0.100000 	0 	0.000000 	0.130000 	1 	675001
25.000000 	160.000000 	0.100000 	0 	0.000000 	0.130000 	1 	678001 
25.000000 	160.000000 	0.100000 	0 	0.000000 	0.130000 	1 	681001
25.000000 	160.000000 	0.100000 	0 	0.000000 	0.130000 	1 	684001
25.000000 	160.000000 	0.100000 	0 	0.000000 	0.130000 	1 	687001 
25.000000 	160.000000 	0.100000 	0 	0.000000 	0.130000 	1 	690001
25.000000 	160.000000 	0.100000 	0 	0.000000 	0.130000 	1 	693001
25.000000 	160.000000 	0.100000 	0 	0.000000 	0.130000 	1 	696001 
25.000000 	160.000000 	0.100000 	0 	0.000000 	0.130000 	1 	699001
25.000000 	160.000000 	0.100000 	0 	0.000000 	0.130000 	1 	702001
25.000000 	160.000000 	0.100000 	0 	0.000000 	0.130000 	1 	705001 
25.000000 	160.000000 	0.100000 	0 	0.000000 	0.130000 	1 	708001
25.000000 	160.000000 	0.100000 	0 	0.000000 	0.130000 	1 	711001
25.000000 	160.000000 	0.100000 	0 	0.000000 	0.130000 	1 	714001 
25.000000 	160.000000 	0.100000 	0 	0.000000 	0.130000 	1 	717001
25.000000 	160.000000 	0.100000 	0 	0.000000 	0.130000 	1 	720001
25.000000 	160.000000 	0.100000 	0 	0.000000 	0.130000 	1 	723001 
25.000000 	160.000000 	0.100000 	0 	0.000000 	0.130000 	1 	726001
25.000000 	160.000000 	0.100000 	0 	0.000000 	0.130000 	1 	729001
25.000000 	160.000000 	0.100000 	0 	0.000000 	0.130000 	1 	732001 
25.000000 	160.000000 	0.100000 	0 	0.000000 	0.130000 	1 	735001
25.000000 	160.000000 	0.100000 	0 	0.000000 	0.130000 	1 	738001
25.000000 	160.000000 	0.100000 	0 	0.000000 	0.130000 	1 	741001 
25.000000 	160.000000 	0.100000 	0 	0.000000 	0.130000 	1 	744001
25.000000 	160.000000 	0.100000 	0 	0.000000 	0.130000 	1 	747001
25.000000 	160.000000 	0.100000 	0 	0.000000 	0.130000 	1 	750001 
25.000000 	160.000000 	0.100000 	0 	0.000000 	0.130000 	1 	753001
25.000000 	160.000000 	0.100000 	0 	0.000000 	0.130000 	1 	756001
25.000000 	160.000000 	0.100000 	0 	0.000000 	0.130000 	1 	759001 
25.000000 	160.000000 	0.100000 	0 	0.000000 	0.130000 	1 	762001
25.000000 	160.000000 	0.100000 	0 	0.000000 	0.130000 	1 	765001
25.000000 	160.000000 	0.100000 	0 	0.000000 	0.130000 	1 	768001 
25.000000 	160.000000 	0.100000 	0 	0.000000 	0.130000 	1 	771001
25.000000 	160.000000 	0.100000 	0 	0.000000 	0.130000 	1 	774001
25.000000 	160.000000 	0.100000 	0 	0.000000 	0.130000 	1 	777001 
25.000000 	160.000000 	0.100000 	0 	0.000000 	0.130000 	1 	780001
25.000000 	160.000000 	0.100000 	0 	0.000000 	0.130000 	1 	783001
25.000000 	160.000000 	0.100000 	0 	0.000000 	0.130000 	1 	786001 
25.000000 	160.000000 	0.100000 	0 	0.000000 	0.130000 	1 	789001
25.000000 	160.000000 	0.100000 	0 	0.000000 	0.130000 	1 	792001
25.000000 	160.000000 	0.100000 	0 	0.000000 	0.130000 	1 	795001 
25.000000 	160.000000 	0.100000 	0 	0.000000 	0.130000 	1 	798001
25.000000 	160.000000 	0.100000 	0 	0.000000 	0.130000 	1 	801001
25.000000 	160.000000 	0.100000 	0 	0.000000 	0.130000 	1 	804001 
25.000000 	160.000000 	0.100000 	0 	0.000000 	0.130000 	1 	807001
25.000000 	160.000000 	0.100000 	0 	0.000000 	0.130000 	1 	810001
25.000000 	160.000000 	0.100000 	0 	0.000000 	0.130000 	1 	813001 
25.000000 	160.000000 	0.100000 	0 	0.000000 	0.130000 	1 	816001
25.000000 	160.000000 	0.100000 	0 	0.000000 	0.130000 	1 	819001
25.000000 	160.000000 	0.100000 	0 	0.000000 	0.130000 	1 	822001 
25.000000 	160.000000 	0.100000 	0 	0.000000 	0.130000 	1 	825001
25.000000 	160.000000 	0.100000 	0 	0.000000 	0.130000 	1 	828001
25.000000 	160.000000 	0.100000 	0 	0.000000 	0.130000 	1 	831001 
25.000000 	160.000000 	0.100000 	0 	0.000000 	0.130000 	1 	834001
25.000000 	160.000000 	0.100000 	0 	0.000000 	0.130000 	1 	837001
25.000000 	160.000000 	0.100000 	0 	0.000000 	0.130000 	1 	840001 
25.000000 	160.000000 	0.100000 	0 	0.000000 	0.130000 	1 	843001
25.000000 	160.000000 	0.100000 	0 	0.000000 	0.130000 	1 	846001
25.000000 	160.000000 	0.100000 	0 	0.000000 	0.130000 	1 	849001 
25.000000 	160.000000 	0.100000 	0 	0.000000 	0.130000 	1 	852001
25.000000 	160.000000 	0.100000 	0 	0.000000 	0.130000 	1 	855001
25.000000 	160.000000 	0.100000 	0 	0.000000 	0.130000 	1 	858001 
25.000000 	160.000000 	0.100000 	0 	0.000000 	0.130000 	1 	861001
25.000000 	160.000000 	0.100000 	0 	0.000000 	0.130000 	1 	864001
25.000000 	160.000000 	0.100000 	0 	0.000000 	0.130000 	1 	867001 
25.000000 	160.000000 	0.100000 	0 	0.000000 	0.130000 	1 	870001
25.000000 	160.000000 	0.100000 	0 	0.000000 	0.130000 	1 	873001
25.000000 	160.000000 	0.100000 	0 	0.000000 	0.130000 	1 	876001 
25.000000 	160.000000 	0.100000 	0 	0.000000 	0.130000 	1 	879001
25.000000 	160.000000 	0.100000 	0 	0.000000 	0.130000 	1 	882001
25.000000 	160.000000 	0.100000 	0 	0.000000 	0.130000 	1 	885001 
25.000000 	160.000000 	0.100000 	0 	0.000000 	0.130000 	1 	888001
25.000000 	160.000000 	0.100000 	0 	0.000000 	0.130000 	1 	891001
25.000000 	160.000000 	0.100000 	0 	0.000000 	0.130000 	1 	894001 
25.000000 	160.000000 	0.100000 	0 	0.000000 	0.130000 	1 	897001
25.000000 	160.000000 	0.100000 	0 	0.000000 	0.130000 	1 	900001
25.000000 	160.000000 	0.100000 	0 	0.000000 	0.130000 	1 	903001
25.000000 	160.000000 	0.100000 	0 	0.000000 	0.130000 	1 	906001
25.000000 	160.000000 	0.100000 	0 	0.000000 	0.130000 	1 	909001
25.000000 	160.000000 	0.100000 	0 	0.000000 	0.130000 	1 	912001
25.000000 	160.000000 	0.100000 	0 	0.000000 	0.130000 	1 	915001
25.000000 	160.000000 	0.100000 	0 	0.000000 	0.130000 	1 	918001
25.000000 	160.000000 	0.100000 	0 	0.000000 	0.130000 	1 	921001
25.000000 	160.000000 	0.100000 	0 	0.000000 	0.130000 	1 	924001
25.000000 	160.000000 	0.100000 	0 	0.000000 	0.130000 	1 	927001
25.000000 	160.000000 	0.100000 	0 	0.000000 	0.130000 	1 	930001
25.000000 	160.000000 	0.100000 	0 	0.000000 	0.130000 	1 	933001
25.000000 	160.000000 	0.100000 	0 	0.000000 	0.130000 	1 	936001
25.000000 	160.000000 	0.100000 	0 	0.000000 	0.130000 	1 	939001
25.000000 	160.000000 	0.100000 	0 	0.000000 	0.130000 	1 	942001
25.000000 	160.000000 	0.100000 	0 	0.000000 	0.130000 	1 	945001
25.000000 	160.000000 	0.100000 	0 	0.000000 	0.130000 	1 	948001
25.000000 	160.000000 	0.100000 	0 	0.000000 	0.130000 	1 	951001
25.000000 	160.000000 	0.100000 	0 	0.000000 	0.130000 	1 	954001
25.000000 	160.000000 	0.100000 	0 	0.000000 	0.130000 	1 	957001
25.000000 	160.000000 	0.100000 	0 	0.000000 	0.130000 	1 	960001
25.000000 	160.000000 	0.100000 	0 	0.000000 	0.130000 	1 	963001
25.000000 	160.000000 	0.100000 	0 	0.000000 	0.130000 	1 	966001
25.000000 	160.000000 	0.100000 	0 	0.000000 	0.130000 	1 	969001
25.000000 	160.000000 	0.100000 	0 	0.000000 	0.130000 	1 	972001
25.000000 	160.000000 	0.100000 	0 	0.000000 	0.130000 	1 	975001
25.000000 	160.000000 	0.100000 	0 	0.000000 	0.130000 	1 	978001
25.000000 	160.000000 	0.100000 	0 	0.000000 	0.130000 	1 	981001
25.000000 	160.000000 	0.100000 	0 	0.000000 	0.130000 	1 	984001
25.000000 	160.000000 	0.100000 	0 	0.000000 	0.130000 	1 	987001
25.000000 	160.000000 	0.100000 	0 	0.000000 	0.130000 	1 	990001
25.000000 	160.000000 	0.100000 	0 	0.000000 	0.130000 	1 	993001
25.000000 	160.000000 	0.100000 	0 	0.000000 	0.130000 	1 	996001
25.000000 	160.000000 	0.100000 	0 	0.000000 	0.130000 	1 	999001
25.000000 	160.000000 	0.100000 	0 	0.000000 	0.130000 	1 	1002001
25.000000 	160.000000 	0.100000 	0 	0.000000 	0.130000 	1 	1005001
25.000000 	160.000000 	0.100000 	0 	0.000000 	0.130000 	1 	1008001
25.000000 	160.000000 	0.100000 	0 	0.000000 	0.130000 	1 	1011001
25.000000 	160.000000 	0.100000 	0 	0.000000 	0.130000 	1 	1014001
25.000000 	160.000000 	0.100000 	0 	0.000000 	0.130000 	1 	1017001
25.000000 	160.000000 	0.100000 	0 	0.000000 	0.130000 	1 	1020001
25.000000 	160.000000 	0.100000 	0 	0.000000 	0.130000 	1 	1023001
25.000000 	160.000000 	0.100000 	0 	0.000000 	0.130000 	1 	1026001
25.000000 	160.000000 	0.100000 	0 	0.000000 	0.130000 	1 	1029001
25.000000 	160.000000 	0.100000 	0 	0.000000 	0.130000 	1 	1032001
25.000000 	160.000000 	0.100000 	0 	0.000000 	0.130000 	1 	1035001
25.000000 	160.000000 	0.100000 	0 	0.000000 	0.130000 	1 	1038001
25.000000 	160.000000 	0.100000 	0 	0.000000 	0.130000 	1 	1041001
25.000000 	160.000000 	0.100000 	0 	0.000000 	0.130000 	1 	1044001
25.000000 	160.000000 	0.100000 	0 	0.000000 	0.130000 	1 	1047001
25.000000 	160.000000 	0.100000 	0 	0.000000 	0.130000 	1 	1050001
25.000000 	160.000000 	0.100000 	0 	0.000000 	0.130000 	1 	1053001
25.000000 	160.000000 	0.100000 	0 	0.000000 	0.130000 	1 	1056001
25.000000 	160.000000 	0.100000 	0 	0.000000 	0.130000 	1 	1059001
25.000000 	160.000000 	0.100000 	0 	0.000000 	0.130000 	1 	1062001
25.000000 	160.000000 	0.100000 	0 	0.000000 	0.130000 	1 	1065001
25.000000 	160.000000 	0.100000 	0 	0.000000 	0.130000 	1 	1068001
25.000000 	160.000000 	0.100000 	0 	0.000000 	0.130000 	1 	1071001
25.000000 	160.000000 	0.100000 	0 	0.000000 	0.130000 	1 	1074001
25.000000 	160.000000 	0.100000 	0 	0.000000 	0.130000 	1 	1077001
25.000000 	160.000000 	0.100000 	0 	0.000000 	0.130000 	1 	1080001
25.000000 	160.000000 	0.100000 	0 	0.000000 	0.130000 	1 	1083001
25.000000 	160.000000 	0.100000 	0 	0.000000 	0.130000 	1 	1086001
25.000000 	160.000000 	0.100000 	0 	0.000000 	0.130000 	1 	1089001
25.000000 	160.000000 	0.100000 	0 	0.000000 	0.130000 	1 	1092001
25.000000 	160.000000 	0.100000 	0 	0.000000 	0.130000 	1 	1095001
25.000000 	160.000000 	0.100000 	0 	0.000000 	0.130000 	1 	1098001
25.000000 	160.000000 	0.100000 	0 	0.000000 	0.130000 	1 	1101001
25.000000 	160.000000 	0.100000 	0 	0.000000 	0.130000 	1 	1104001
25.000000 	160.000000 	0.100000 	0 	0.000000 	0.130000 	1 	1107001
25.000000 	160.000000 	0.100000 	0 	0.000000 	0.130000 	1 	1110001
25.000000 	160.000000 	0.100000 	0 	0.000000 	0.130000 	1 	1113001
25.000000 	160.000000 	0.100000 	0 	0.000000 	0.130000 	1 	1116001
25.000000 	160.000000 	0.100000 	0 	0.000000 	0.130000 	1 	1119001
25.000000 	160.000000 	0.100000 	0 	0.000000 	0.130000 	1 	1122001
25.000000 	160.000000 	0.100000 	0 	0.000000 	0.130000 	1 	1125001
25.000000 	160.000000 	0.100000 	0 	0.000000 	0.130000 	1 	1128001
25.000000 	160.000000 	0.100000 	0 	0.000000 	0.130000 	1 	1131001
25.000000 	160.000000 	0.100000 	0 	0.000000 	0.130000 	1 	1134001
25.000000 	160.000000 	0.100000 	0 	0.000000 	0.130000 	1 	1137001
25.000000 	160.000000 	0.100000 	0 	0.000000 	0.130000 	1 	1140001
25.000000 	160.000000 	0.100000 	0 	0.000000 	0.130000 	1 	1143001
25.000000 	160.000000 	0.100000 	0 	0.000000 	0.130000 	1 	1146001
25.000000 	160.000000 	0.100000 	0 	0.000000 	0.130000 	1 	1149001
25.000000 	160.000000 	0.100000 	0 	0.000000 	0.130000 	1 	1152001
25.000000 	160.000000 	0.100000 	0 	0.000000 	0.130000 	1 	1155001
25.000000 	160.000000 	0.100000 	0 	0.000000 	0.130000 	1 	1158001
25.000000 	160.000000 	0.100000 	0 	0.000000 	0.130000 	1 	1161001
25.000000 	160.000000 	0.100000 	0 	0.000000 	0.130000 	1 	1164001
25.000000 	160.000000 	0.100000 	0 	0.000000 	0.130000 	1 	1167001
25.000000 	160.000000 	0.100000 	0 	0.000000 	0.130000 	1 	1170001
25.000000 	160.000000 	0.100000 	0 	0.000000 	0.130000 	1 	1173001
25.000000 	160.000000 	0.100000 	0 	0.000000 	0.130000 	1 	1176001
25.000000 	160.000000 	0.100000 	0 	0.000000 	0.130000 	1 	1179001
25.000000 	160.000000 	0.100000 	0 	0.000000 	0.130000 	1 	1182001
25.000000 	160.000000 	0.100000 	0 	0.000000 	0.130000 	1 	1185001
25.000000 	160.000000 	0.100000 	0 	0.000000 	0.130000 	1 	1188001
25.000000 	160.000000 	0.100000 	0 	0.000000 	0.130000 	1 	1191001
25.000000 	160.000000 	0.100000 	0 	0.000000 	0.130000 	1 	1194001
25.000000 	160.000000 	0.100000 	0 	0.000000 	0.130000 	1 	1197001
25.000000 	160.000000 	0.100000 	0 	0.000000 	0.130000 	1 	1200001
25.000000 	160.000000 	0.100000 	0 	0.000000 	0.130000 	1 	1203001
25.000000 	160.000000 	0.100000 	0 	0.000000 	0.130000 	1 	1206001
25.000000 	160.000000 	0.100000 	0 	0.000000 	0.130000 	1 	1209001
25.000000 	160.000000 	0.100000 	0 	0.000000 	0.130000 	1 	1212001
25.000000 	160.000000 	0.100000 	0 	0.000000 	0.130000 	1 	1215001
25.000000 	160.000000 	0.100000 	0 	0.000000 	0.130000 	1 	1218001
25.000000 	160.000000 	0.100000 	0 	0.000000 	0.130000 	1 	1221001
25.000000 	160.000000 	0.100000 	0 	0.000000 	0.130000 	1 	1224001
25.000000 	160.000000 	0.100000 	0 	0.000000 	0.130000 	1 	1227001
25.000000 	160.000000 	0.100000 	0 	0.000000 	0.130000 	1 	1230001
25.000000 	160.000000 	0.100000 	0 	0.000000 	0.130000 	1 	1233001
25.000000 	160.000000 	0.100000 	0 	0.000000 	0.130000 	1 	1236001
25.000000 	160.000000 	0.100000 	0 	0.000000 	0.130000 	1 	1239001
25.000000 	160.000000 	0.100000 	0 	0.000000 	0.130000 	1 	1242001
25.000000 	160.000000 	0.100000 	0 	0.000000 	0.130000 	1 	1245001
25.000000 	160.000000 	0.100000 	0 	0.000000 	0.130000 	1 	1248001
25.000000 	160.000000 	0.100000 	0 	0.000000 	0.130000 	1 	1251001
25.000000 	160.000000 	0.100000 	0 	0.000000 	0.130000 	1 	1254001
25.000000 	160.000000 	0.100000 	0 	0.000000 	0.130000 	1 	1257001
25.000000 	160.000000 	0.100000 	0 	0.000000 	0.130000 	1 	1260001
25.000000 	160.000000 	0.100000 	0 	0.000000 	0.130000 	1 	1263001
25.000000 	160.000000 	0.100000 	0 	0.000000 	0.130000 	1 	1266001
25.000000 	160.000000 	0.100000 	0 	0.000000 	0.130000 	1 	1269001
25.000000 	160.000000 	0.100000 	0 	0.000000 	0.130000 	1 	1272001
25.000000 	160.000000 	0.100000 	0 	0.000000 	0.130000 	1 	1275001
25.000000 	160.000000 	0.100000 	0 	0.000000 	0.130000 	1 	1278001
25.000000 	160.000000 	0.100000 	0 	0.000000 	0.130000 	1 	1281001
25.000000 	160.000000 	0.100000 	0 	0.000000 	0.130000 	1 	1284001
25.000000 	160.000000 	0.100000 	0 	0.000000 	0.130000 	1 	1287001
25.000000 	160.000000 	0.100000 	0 	0.000000 	0.130000 	1 	1290001
25.000000 	160.000000 	0.100000 	0 	0.000000 	0.130000 	1 	1293001
25.000000 	160.000000 	0.100000 	0 	0.000000 	0.130000 	1 	1296001
25.000000 	160.000000 	0.100000 	0 	0.000000 	0.130000 	1 	1299001
25.000000 	160.000000 	0.100000 	0 	0.000000 	0.130000 	1 	1302001
25.000000 	160.000000 	0.100000 	0 	0.000000 	0.130000 	1 	1305001
25.000000 	160.000000 	0.100000 	0 	0.000000 	0.130000 	1 	1308001
25.000000 	160.000000 	0.100000 	0 	0.000000 	0.130000 	1 	1311001
25.000000 	160.000000 	0.100000 	0 	0.000000 	0.130000 	1 	1314001
25.000000 	160.000000 	0.100000 	0 	0.000000 	0.130000 	1 	1317001
25.000000 	160.000000 	0.100000 	0 	0.000000 	0.130000 	1 	1320001
25.000000 	160.000000 	0.100000 	0 	0.000000 	0.130000 	1 	1323001
25.000000 	160.000000 	0.100000 	0 	0.000000 	0.130000 	1 	1326001
25.000000 	160.000000 	0.100000 	0 	0.000000 	0.130000 	1 	1329001
25.000000 	160.000000 	0.100000 	0 	0.000000 	0.130000 	1 	1332001
25.000000 	160.000000 	0.100000 	0 	0.000000 	0.130000 	1 	1335001
25.000000 	160.000000 	0.100000 	0 	0.000000 	0.130000 	1 	1338001
25.000000 	160.000000 	0.100000 	0 	0.000000 	0.130000 	1 	1341001
25.000000 	160.000000 	0.100000 	0 	0.000000 	0.130000 	1 	1344001
25.000000 	160.000000 	0.100000 	0 	0.000000 	0.130000 	1 	1347001
25.000000 	160.000000 	0.100000 	0 	0.000000 	0.130000 	1 	1350001
25.000000 	160.000000 	0.100000 	0 	0.000000 	0.130000 	1 	1353001
25.000000 	160.000000 	0.100000 	0 	0.000000 	0.130000 	1 	1356001
25.000000 	160.000000 	0.100000 	0 	0.000000 	0.130000 	1 	1359001
25.000000 	160.000000 	0.100000 	0 	0.000000 	0.130000 	1 	1362001
25.000000 	160.000000 	0.100000 	0 	0.000000 	0.130000 	1 	1365001
25.000000 	160.000000 	0.100000 	0 	0.000000 	0.130000 	1 	1368001
25.000000 	160.000000 	0.100000 	0 	0.000000 	0.130000 	1 	1371001
25.000000 	160.000000 	0.100000 	0 	0.000000 	0.130000 	1 	1374001
25.000000 	160.000000 	0.100000 	0 	0.000000 	0.130000 	1 	1377001
25.000000 	160.000000 	0.100000 	0 	0.000000 	0.130000 	1 	1380001
25.000000 	160.000000 	0.100000 	0 	0.000000 	0.130000 	1 	1383001
25.000000 	160.000000 	0.100000 	0 	0.000000 	0.130000 	1 	1386001
25.000000 	160.000000 	0.100000 	0 	0.000000 	0.130000 	1 	1389001
25.000000 	160.000000 	0.100000 	0 	0.000000 	0.130000 	1 	1392001
25.000000 	160.000000 	0.100000 	0 	0.000000 	0.130000 	1 	1395001
25.000000 	160.000000 	0.100000 	0 	0.000000 	0.130000 	1 	1398001
25.000000 	160.000000 	0.100000 	0 	0.000000 	0.130000 	1 	1401001
25.000000 	160.000000 	0.100000 	0 	0.000000 	0.130000 	1 	1404001
25.000000 	160.000000 	0.100000 	0 	0.000000 	0.130000 	1 	1407001
25.000000 	160.000000 	0.100000 	0 	0.000000 	0.130000 	1 	1410001
25.000000 	160.000000 	0.100000 	0 	0.000000 	0.130000 	1 	1413001
25.000000 	160.000000 	0.100000 	0 	0.000000 	0.130000 	1 	1416001
25.000000 	160.000000 	0.100000 	0 	0.000000 	0.130000 	1 	1419001
25.000000 	160.000000 	0.100000 	0 	0.000000 	0.130000 	1 	1422001
25.000000 	160.000000 	0.100000 	0 	0.000000 	0.130000 	1 	1425001
25.000000 	160.000000 	0.100000 	0 	0.000000 	0.130000 	1 	1428001
25.000000 	160.000000 	0.100000 	0 	0.000000 	0.130000 	1 	1431001
25.000000 	160.000000 	0.100000 	0 	0.000000 	0.130000 	1 	1434001
25.000000 	160.000000 	0.100000 	0 	0.000000 	0.130000 	1 	1437001
25.000000 	160.000000 	0.100000 	0 	0.000000 	0.130000 	1 	1440001
25.000000 	160.000000 	0.100000 	0 	0.000000 	0.130000 	1 	1443001
25.000000 	160.000000 	0.100000 	0 	0.000000 	0.130000 	1 	1446001
25.000000 	160.000000 	0.100000 	0 	0.000000 	0.130000 	1 	1449001
25.000000 	160.000000 	0.100000 	0 	0.000000 	0.130000 	1 	1452001
25.000000 	160.000000 	0.100000 	0 	0.000000 	0.130000 	1 	1455001
25.000000 	160.000000 	0.100000 	0 	0.000000 	0.130000 	1 	1458001
25.000000 	160.000000 	0.100000 	0 	0.000000 	0.130000 	1 	1461001
25.000000 	160.000000 	0.100000 	0 	0.000000 	0.130000 	1 	1464001
25.000000 	160.000000 	0.100000 	0 	0.000000 	0.130000 	1 	1467001
25.000000 	160.000000 	0.100000 	0 	0.000000 	0.130000 	1 	1470001
25.000000 	160.000000 	0.100000 	0 	0.000000 	0.130000 	1 	1473001
25.000000 	160.000000 	0.100000 	0 	0.000000 	0.130000 	1 	1476001
25.000000 	160.000000 	0.100000 	0 	0.000000 	0.130000 	1 	1479001
25.000000 	160.000000 	0.100000 	0 	0.000000 	0.130000 	1 	1482001
25.000000 	160.000000 	0.100000 	0 	0.000000 	0.130000 	1 	1485001
25.000000 	160.000000 	0.100000 	0 	0.000000 	0.130000 	1 	1488001
25.000000 	160.000000 	0.100000 	0 	0.000000 	0.130000 	1 	1491001
25.000000 	160.000000 	0.100000 	0 	0.000000 	0.130000 	1 	1494001
25.000000 	160.000000 	0.100000 	0 	0.000000 	0.130000 	1 	1497001
25.000000 	160.000000 	0.100000 	0 	0.000000 	0.130000 	1 	1500001
25.000000 	160.000000 	0.100000 	0 	0.000000 	0.130000 	1 	1503001
25.000000 	160.000000 	0.100000 	0 	0.000000 	0.130000 	1 	1506001
25.000000 	160.000000 	0.100000 	0 	0.000000 	0.130000 	1 	1509001
25.000000 	160.000000 	0.100000 	0 	0.000000 	0.130000 	1 	1512001
25.000000 	160.000000 	0.100000 	0 	0.000000 	0.130000 	1 	1515001
25.000000 	160.000000 	0.100000 	0 	0.000000 	0.130000 	1 	1518001
25.000000 	160.000000 	0.100000 	0 	0.000000 	0.130000 	1 	1521001
25.000000 	160.000000 	0.100000 	0 	0.000000 	0.130000 	1 	1524001
25.000000 	160.000000 	0.100000 	0 	0.000000 	0.130000 	1 	1527001
25.000000 	160.000000 	0.100000 	0 	0.000000 	0.130000 	1 	1530001
25.000000 	160.000000 	0.100000 	0 	0.000000 	0.130000 	1 	1533001
25.000000 	160.000000 	0.100000 	0 	0.000000 	0.130000 	1 	1536001
25.000000 	160.000000 	0.100000 	0 	0.000000 	0.130000 	1 	1539001
25.000000 	160.000000 	0.100000 	0 	0.000000 	0.130000 	1 	1542001
25.000000 	160.000000 	0.100000 	0 	0.000000 	0.130000 	1 	1545001
25.000000 	160.000000 	0.100000 	0 	0.000000 	0.130000 	1 	1548001
25.000000 	160.000000 	0.100000 	0 	0.000000 	0.130000 	1 	1551001
25.000000 	160.000000 	0.100000 	0 	0.000000 	0.130000 	1 	1554001
25.000000 	160.000000 	0.100000 	0 	0.000000 	0.130000 	1 	1557001
25.000000 	160.000000 	0.100000 	0 	0.000000 	0.130000 	1 	1560001
25.000000 	160.000000 	0.100000 	0 	0.000000 	0.130000 	1 	1563001
25.000000 	160.000000 	0.100000 	0 	0.000000 	0.130000 	1 	1566001
25.000000 	160.000000 	0.100000 	0 	0.000000 	0.130000 	1 	1569001
25.000000 	160.000000 	0.100000 	0 	0.000000 	0.130000 	1 	1572001
25.000000 	160.000000 	0.100000 	0 	0.000000 	0.130000 	1 	1575001
25.000000 	160.000000 	0.100000 	0 	0.000000 	0.130000 	1 	1578001
25.000000 	160.000000 	0.100000 	0 	0.000000 	0.130000 	1 	1581001
25.000000 	160.000000 	0.100000 	0 	0.000000 	0.130000 	1 	1584001
25.000000 	160.000000 	0.100000 	0 	0.000000 	0.130000 	1 	1587001
25.000000 	160.000000 	0.100000 	0 	0.000000 	0.130000 	1 	1590001
25.000000 	160.000000 	0.100000 	0 	0.000000 	0.130000 	1 	1593001
25.000000 	160.000000 	0.100000 	0 	0.000000 	0.130000 	1 	1596001
25.000000 	160.000000 	0.100000 	0 	0.000000 	0.130000 	1 	1599001
25.000000 	160.000000 	0.100000 	0 	0.000000 	0.130000 	1 	1602001
25.000000 	160.000000 	0.100000 	0 	0.000000 	0.130000 	1 	1605001
25.000000 	160.000000 	0.100000 	0 	0.000000 	0.130000 	1 	1608001
25.000000 	160.000000 	0.100000 	0 	0.000000 	0.130000 	1 	1611001
25.000000 	160.000000 	0.100000 	0 	0.000000 	0.130000 	1 	1614001
25.000000 	160.000000 	0.100000 	0 	0.000000 	0.130000 	1 	1617001
25.000000 	160.000000 	0.100000 	0 	0.000000 	0.130000 	1 	1620001
25.000000 	160.000000 	0.100000 	0 	0.000000 	0.130000 	1 	1623001
25.000000 	160.000000 	0.100000 	0 	0.000000 	0.130000 	1 	1626001
25.000000 	160.000000 	0.100000 	0 	0.000000 	0.130000 	1 	1629001
25.000000 	160.000000 	0.100000 	0 	0.000000 	0.130000 	1 	1632001
25.000000 	160.000000 	0.100000 	0 	0.000000 	0.130000 	1 	1635001
25.000000 	160.000000 	0.100000 	0 	0.000000 	0.130000 	1 	1638001
25.000000 	160.000000 	0.100000 	0 	0.000000 	0.130000 	1 	1641001
25.000000 	160.000000 	0.100000 	0 	0.000000 	0.130000 	1 	1644001
25.000000 	160.000000 	0.100000 	0 	0.000000 	0.130000 	1 	1647001
25.000000 	160.000000 	0.100000 	0 	0.000000 	0.130000 	1 	1650001
25.000000 	160.000000 	0.100000 	0 	0.000000 	0.130000 	1 	1653001
25.000000 	160.000000 	0.100000 	0 	0.000000 	0.130000 	1 	1656001
25.000000 	160.000000 	0.100000 	0 	0.000000 	0.130000 	1 	1659001
25.000000 	160.000000 	0.100000 	0 	0.000000 	0.130000 	1 	1662001
25.000000 	160.000000 	0.100000 	0 	0.000000 	0.130000 	1 	1665001
25.000000 	160.000000 	0.100000 	0 	0.000000 	0.130000 	1 	1668001
25.000000 	160.000000 	0.100000 	0 	0.000000 	0.130000 	1 	1671001
25.000000 	160.000000 	0.100000 	0 	0.000000 	0.130000 	1 	1674001
25.000000 	160.000000 	0.100000 	0 	0.000000 	0.130000 	1 	1677001
25.000000 	160.000000 	0.100000 	0 	0.000000 	0.130000 	1 	1680001
25.000000 	160.000000 	0.100000 	0 	0.000000 	0.130000 	1 	1683001
25.000000 	160.000000 	0.100000 	0 	0.000000 	0.130000 	1 	1686001
25.000000 	160.000000 	0.100000 	0 	0.000000 	0.130000 	1 	1689001
25.000000 	160.000000 	0.100000 	0 	0.000000 	0.130000 	1 	1692001
25.000000 	160.000000 	0.100000 	0 	0.000000 	0.130000 	1 	1695001
25.000000 	160.000000 	0.100000 	0 	0.000000 	0.130000 	1 	1698001
25.000000 	160.000000 	0.100000 	0 	0.000000 	0.130000 	1 	1701001
25.000000 	160.000000 	0.100000 	0 	0.000000 	0.130000 	1 	1704001
25.000000 	160.000000 	0.100000 	0 	0.000000 	0.130000 	1 	1707001
25.000000 	160.000000 	0.100000 	0 	0.000000 	0.130000 	1 	1710001
25.000000 	160.000000 	0.100000 	0 	0.000000 	0.130000 	1 	1713001
25.000000 	160.000000 	0.100000 	0 	0.000000 	0.130000 	1 	1716001
25.000000 	160.000000 	0.100000 	0 	0.000000 	0.130000 	1 	1719001
25.000000 	160.000000 	0.100000 	0 	0.000000 	0.130000 	1 	1722001
25.000000 	160.000000 	0.100000 	0 	0.000000 	0.130000 	1 	1725001
25.000000 	160.000000 	0.100000 	0 	0.000000 	0.130000 	1 	1728001
25.000000 	160.000000 	0.100000 	0 	0.000000 	0.130000 	1 	1731001
25.000000 	160.000000 	0.100000 	0 	0.000000 	0.130000 	1 	1734001
25.000000 	160.000000 	0.100000 	0 	0.000000 	0.130000 	1 	1737001
25.000000 	160.000000 	0.100000 	0 	0.000000 	0.130000 	1 	1740001
25.000000 	160.000000 	0.100000 	0 	0.000000 	0.130000 	1 	1743001
25.000000 	160.000000 	0.100000 	0 	0.000000 	0.130000 	1 	1746001
25.000000 	160.000000 	0.100000 	0 	0.000000 	0.130000 	1 	1749001
25.000000 	160.000000 	0.100000 	0 	0.000000 	0.130000 	1 	1752001
25.000000 	160.000000 	0.100000 	0 	0.000000 	0.130000 	1 	1755001
25.000000 	160.000000 	0.100000 	0 	0.000000 	0.130000 	1 	1758001
25.000000 	160.000000 	0.100000 	0 	0.000000 	0.130000 	1 	1761001
25.000000 	160.000000 	0.100000 	0 	0.000000 	0.130000 	1 	1764001
25.000000 	160.000000 	0.100000 	0 	0.000000 	0.130000 	1 	1767001
25.000000 	160.000000 	0.100000 	0 	0.000000 	0.130000 	1 	1770001
25.000000 	160.000000 	0.100000 	0 	0.000000 	0.130000 	1 	1773001
25.000000 	160.000000 	0.100000 	0 	0.000000 	0.130000 	1 	1776001
25.000000 	160.000000 	0.100000 	0 	0.000000 	0.130000 	1 	1779001
25.000000 	160.000000 	0.100000 	0 	0.000000 	0.130000 	1 	1782001
25.000000 	160.000000 	0.100000 	0 	0.000000 	0.130000 	1 	1785001
25.000000 	160.000000 	0.100000 	0 	0.000000 	0.130000 	1 	1788001
25.000000 	160.000000 	0.100000 	0 	0.000000 	0.130000 	1 	1791001
25.000000 	160.000000 	0.100000 	0 	0.000000 	0.130000 	1 	1794001
25.000000 	160.000000 	0.100000 	0 	0.000000 	0.130000 	1 	1797001
25.000000 	160.000000 	0.100000 	0 	0.000000 	0.130000 	1 	1800001
